1
batter1
(0.00, 1622.65, 162.09)
(0.00, 1398.85, 145.40)
(0.00, 1172.60, 129.92)
(0.00, 943.90, 115.65)
(0.00, 712.76, 102.60)
(0.00, 479.16, 90.75)
(0.00, 243.11, 80.12)
(0.00, 4.61, 70.70)
(0.00, -236.34, 62.50)

2
batter2
(0.00, 1653.11, 164.57)
(0.00, 1459.77, 149.32)
(0.00, 1263.98, 134.24)
(0.00, 1065.73, 119.34)
(0.00, 865.04, 104.61)
(0.00, 661.90, 90.05)
(0.00, 456.31, 75.68)
(0.00, 248.27, 61.47)
(0.00, 37.78, 47.44)
(0.00, -175.17, 33.59)

3
batter3
(0.00, 1633.73, 162.99)
(0.00, 1421.00, 146.10)
(0.00, 1205.83, 129.32)
(0.00, 988.21, 112.65)
(0.00, 768.13, 96.10)
(0.00, 545.61, 79.66)
(0.00, 320.64, 63.33)
(0.00, 93.21, 47.11)
(0.00, -136.66, 31.00)

4
batter4
(0.00, 1644.80, 163.90)
(0.00, 1443.15, 148.79)
(0.00, 1239.06, 134.69)
(0.00, 1032.51, 121.58)
(0.00, 823.51, 109.48)
(0.00, 612.06, 98.38)
(0.00, 398.16, 88.27)
(0.00, 181.82, 79.17)
(0.00, -36.98, 71.06)

5
batter5
(0.00, 1640.65, 163.56)
(0.00, 1434.85, 147.20)
(0.00, 1226.60, 130.94)
(0.00, 1015.89, 114.76)
(0.00, 802.74, 98.67)
(0.00, 587.14, 82.66)
(0.00, 369.09, 66.74)
(0.00, 148.59, 50.91)
(0.00, -74.36, 35.17)

6
batter6
(0.00, 1653.11, 164.57)
(0.00, 1459.77, 149.77)
(0.00, 1263.98, 135.59)
(0.00, 1065.73, 122.04)
(0.00, 865.04, 109.11)
(0.00, 661.90, 96.80)
(0.00, 456.31, 85.13)
(0.00, 248.27, 74.07)
(0.00, 37.78, 63.64)
(0.00, -175.17, 53.84)

7
batter7
(0.00, 1626.80, 162.43)
(0.00, 1407.16, 145.11)
(0.00, 1185.06, 128.05)
(0.00, 960.52, 111.23)
(0.00, 733.52, 94.66)
(0.00, 504.08, 78.34)
(0.00, 272.18, 62.27)
(0.00, 37.83, 46.46)
(0.00, -198.96, 30.89)

8
batter8
(0.00, 1621.27, 161.98)
(0.00, 1396.08, 144.23)
(0.00, 1168.45, 126.73)
(0.00, 938.37, 109.50)
(0.00, 705.83, 92.53)
(0.00, 470.85, 75.83)
(0.00, 233.42, 59.38)
(0.00, -6.47, 43.20)

9
batter9
(0.00, 1643.42, 163.78)
(0.00, 1440.38, 147.62)
(0.00, 1234.90, 131.50)
(0.00, 1026.97, 115.43)
(0.00, 816.59, 99.42)
(0.00, 603.75, 83.45)
(0.00, 388.47, 67.53)
(0.00, 170.74, 51.67)
(0.00, -49.44, 35.85)

10
batter10
(0.00, 1630.96, 162.77)
(0.00, 1415.47, 146.08)
(0.00, 1197.52, 129.92)
(0.00, 977.13, 114.30)
(0.00, 754.29, 99.22)
(0.00, 529.00, 84.68)
(0.00, 301.25, 70.68)
(0.00, 71.06, 57.21)
(0.00, -161.58, 44.28)

11
batter11
(0.00, 1660.03, 165.13)
(0.00, 1473.61, 151.13)
(0.00, 1284.74, 137.99)
(0.00, 1093.42, 125.71)
(0.00, 899.65, 114.30)
(0.00, 703.43, 103.75)
(0.00, 504.76, 94.06)
(0.00, 303.64, 85.23)
(0.00, 100.08, 77.26)
(0.00, -105.94, 70.16)

12
batter12
(0.00, 1653.11, 164.57)
(0.00, 1459.77, 150.17)
(0.00, 1263.98, 136.79)
(0.00, 1065.73, 124.44)
(0.00, 865.04, 113.11)
(0.00, 661.90, 102.80)
(0.00, 456.31, 93.53)
(0.00, 248.27, 85.27)
(0.00, 37.78, 78.04)
(0.00, -175.17, 71.84)

13
batter13
(0.00, 1644.80, 163.90)
(0.00, 1443.15, 148.93)
(0.00, 1239.06, 135.10)
(0.00, 1032.51, 122.41)
(0.00, 823.51, 110.85)
(0.00, 612.06, 100.44)
(0.00, 398.16, 91.16)
(0.00, 181.82, 83.02)
(0.00, -36.98, 76.01)

14
batter14
(0.00, 1646.19, 164.01)
(0.00, 1445.92, 148.85)
(0.00, 1243.21, 134.54)
(0.00, 1038.05, 121.06)
(0.00, 830.43, 108.42)
(0.00, 620.37, 96.61)
(0.00, 407.85, 85.65)
(0.00, 192.89, 75.52)
(0.00, -24.52, 66.23)

15
batter15
(0.00, 1650.34, 164.35)
(0.00, 1454.23, 148.83)
(0.00, 1255.67, 133.45)
(0.00, 1054.66, 118.21)
(0.00, 851.20, 103.11)
(0.00, 645.29, 88.14)
(0.00, 436.93, 73.31)
(0.00, 226.12, 58.62)
(0.00, 12.86, 44.07)
(0.00, -202.85, 29.65)

16
batter16
(0.00, 1629.57, 162.66)
(0.00, 1412.70, 145.80)
(0.00, 1193.37, 129.43)
(0.00, 971.59, 113.55)
(0.00, 747.37, 98.16)
(0.00, 520.69, 83.26)
(0.00, 291.56, 68.84)
(0.00, 59.99, 54.91)
(0.00, -174.04, 41.46)

17
batter17
(0.00, 1636.50, 163.22)
(0.00, 1426.54, 147.63)
(0.00, 1214.14, 133.22)
(0.00, 999.28, 120.01)
(0.00, 781.98, 107.98)
(0.00, 562.22, 97.13)
(0.00, 340.02, 87.48)
(0.00, 115.36, 79.01)
(0.00, -111.74, 71.73)

18
batter18
(0.00, 1655.88, 164.80)
(0.00, 1465.30, 150.33)
(0.00, 1272.28, 136.60)
(0.00, 1076.81, 123.61)
(0.00, 878.89, 111.36)
(0.00, 678.51, 99.84)
(0.00, 475.69, 89.07)
(0.00, 270.42, 79.02)
(0.00, 62.70, 69.72)
(0.00, -147.48, 61.16)

19
batter19
(0.00, 1646.19, 164.01)
(0.00, 1445.92, 148.44)
(0.00, 1243.21, 133.30)
(0.00, 1038.05, 118.58)
(0.00, 830.43, 104.29)
(0.00, 620.37, 90.43)
(0.00, 407.85, 76.98)
(0.00, 192.89, 63.97)
(0.00, -24.52, 51.38)

20
batter20
(0.00, 1662.80, 165.36)
(0.00, 1479.15, 151.93)
(0.00, 1293.05, 139.72)
(0.00, 1104.50, 128.71)
(0.00, 913.50, 118.92)
(0.00, 720.05, 110.35)
(0.00, 524.15, 102.98)
(0.00, 325.80, 96.83)
(0.00, 125.00, 91.89)
(0.00, -78.26, 88.16)

21
batter21
(0.00, 1653.11, 164.57)
(0.00, 1459.77, 149.52)
(0.00, 1263.98, 134.84)
(0.00, 1065.73, 120.54)
(0.00, 865.04, 106.61)
(0.00, 661.90, 93.05)
(0.00, 456.31, 79.88)
(0.00, 248.27, 67.07)
(0.00, 37.78, 54.64)
(0.00, -175.17, 42.59)

22
batter22
(0.00, 1653.11, 164.57)
(0.00, 1459.77, 149.96)
(0.00, 1263.98, 136.15)
(0.00, 1065.73, 123.16)
(0.00, 865.04, 110.98)
(0.00, 661.90, 99.62)
(0.00, 456.31, 89.06)
(0.00, 248.27, 79.32)
(0.00, 37.78, 70.39)
(0.00, -175.17, 62.28)

23
batter23
(0.00, 1637.88, 163.33)
(0.00, 1429.31, 147.05)
(0.00, 1218.29, 131.16)
(0.00, 1004.82, 115.66)
(0.00, 788.90, 100.54)
(0.00, 570.53, 85.81)
(0.00, 349.71, 71.47)
(0.00, 126.44, 57.51)
(0.00, -99.28, 43.95)

24
batter24
(0.00, 1637.88, 163.33)
(0.00, 1429.31, 147.25)
(0.00, 1218.29, 131.76)
(0.00, 1004.82, 116.86)
(0.00, 788.90, 102.54)
(0.00, 570.53, 88.81)
(0.00, 349.71, 75.67)
(0.00, 126.44, 63.11)
(0.00, -99.28, 51.15)

25
batter25
(0.00, 1630.96, 162.77)
(0.00, 1415.47, 146.23)
(0.00, 1197.52, 130.37)
(0.00, 977.13, 115.20)
(0.00, 754.29, 100.72)
(0.00, 529.00, 86.93)
(0.00, 301.25, 73.83)
(0.00, 71.06, 61.41)
(0.00, -161.58, 49.68)

26
batter26
(0.00, 1625.42, 162.32)
(0.00, 1404.39, 145.05)
(0.00, 1180.91, 128.20)
(0.00, 954.98, 111.75)
(0.00, 726.60, 95.72)
(0.00, 495.77, 80.10)
(0.00, 262.49, 64.90)
(0.00, 26.76, 50.10)
(0.00, -211.42, 35.72)

27
batter27
(0.00, 1630.96, 162.77)
(0.00, 1415.47, 146.24)
(0.00, 1197.52, 130.41)
(0.00, 977.13, 115.28)
(0.00, 754.29, 100.85)
(0.00, 529.00, 87.12)
(0.00, 301.25, 74.09)
(0.00, 71.06, 61.76)
(0.00, -161.58, 50.13)

28
batter28
(0.00, 1654.49, 164.68)
(0.00, 1462.54, 150.33)
(0.00, 1268.13, 136.94)
(0.00, 1071.27, 124.51)
(0.00, 871.96, 113.05)
(0.00, 670.21, 102.54)
(0.00, 466.00, 93.00)
(0.00, 259.34, 84.42)
(0.00, 50.24, 76.81)
(0.00, -161.32, 70.15)

29
batter29
(0.00, 1654.49, 164.68)
(0.00, 1462.54, 149.61)
(0.00, 1268.13, 134.77)
(0.00, 1071.27, 120.16)
(0.00, 871.96, 105.80)
(0.00, 670.21, 91.67)
(0.00, 466.00, 77.78)
(0.00, 259.34, 64.12)
(0.00, 50.24, 50.71)
(0.00, -161.32, 37.53)

30
batter30
(0.00, 1661.42, 165.25)
(0.00, 1476.38, 150.76)
(0.00, 1288.90, 136.53)
(0.00, 1098.96, 122.56)
(0.00, 906.58, 108.86)
(0.00, 711.74, 95.42)
(0.00, 514.46, 82.24)
(0.00, 314.72, 69.33)
(0.00, 112.54, 56.68)
(0.00, -92.10, 44.29)

31
batter31
(0.00, 1621.27, 161.98)
(0.00, 1396.08, 145.16)
(0.00, 1168.45, 129.54)
(0.00, 938.37, 115.13)
(0.00, 705.83, 101.91)
(0.00, 470.85, 89.89)
(0.00, 233.42, 79.07)
(0.00, -6.47, 69.45)

32
batter32
(0.00, 1629.57, 162.66)
(0.00, 1412.70, 146.55)
(0.00, 1193.37, 131.68)
(0.00, 971.59, 118.05)
(0.00, 747.37, 105.66)
(0.00, 520.69, 94.51)
(0.00, 291.56, 84.59)
(0.00, 59.99, 75.91)
(0.00, -174.04, 68.46)

33
batter33
(0.00, 1635.11, 163.11)
(0.00, 1423.77, 147.10)
(0.00, 1209.98, 131.99)
(0.00, 993.74, 117.76)
(0.00, 775.05, 104.41)
(0.00, 553.92, 91.96)
(0.00, 330.33, 80.39)
(0.00, 104.29, 69.71)
(0.00, -124.20, 59.92)

34
batter34
(0.00, 1646.19, 164.01)
(0.00, 1445.92, 148.69)
(0.00, 1243.21, 134.05)
(0.00, 1038.05, 120.08)
(0.00, 830.43, 106.79)
(0.00, 620.37, 94.18)
(0.00, 407.85, 82.23)
(0.00, 192.89, 70.97)
(0.00, -24.52, 60.38)

35
batter35
(0.00, 1655.88, 164.80)
(0.00, 1465.30, 149.77)
(0.00, 1272.28, 134.92)
(0.00, 1076.81, 120.24)
(0.00, 878.89, 105.73)
(0.00, 678.51, 91.41)
(0.00, 475.69, 77.25)
(0.00, 270.42, 63.27)
(0.00, 62.70, 49.47)
(0.00, -147.48, 35.84)

36
batter36
(0.00, 1660.03, 165.13)
(0.00, 1473.61, 150.54)
(0.00, 1284.74, 136.23)
(0.00, 1093.42, 122.19)
(0.00, 899.65, 108.42)
(0.00, 703.43, 94.93)
(0.00, 504.76, 81.72)
(0.00, 303.64, 68.78)
(0.00, 100.08, 56.11)
(0.00, -105.94, 43.72)

37
batter37
(0.00, 1651.72, 164.46)
(0.00, 1457.00, 150.13)
(0.00, 1259.82, 137.01)
(0.00, 1060.20, 125.11)
(0.00, 858.12, 114.42)
(0.00, 653.59, 104.94)
(0.00, 446.62, 96.68)
(0.00, 237.19, 89.62)
(0.00, 25.32, 83.78)
(0.00, -189.01, 79.15)

38
batter38
(0.00, 1621.27, 161.98)
(0.00, 1396.08, 144.89)
(0.00, 1168.45, 128.72)
(0.00, 938.37, 113.48)
(0.00, 705.83, 99.16)
(0.00, 470.85, 85.76)
(0.00, 233.42, 73.29)
(0.00, -6.47, 61.75)

39
batter39
(0.00, 1644.80, 163.90)
(0.00, 1443.15, 148.53)
(0.00, 1239.06, 133.90)
(0.00, 1032.51, 120.01)
(0.00, 823.51, 106.85)
(0.00, 612.06, 94.44)
(0.00, 398.16, 82.76)
(0.00, 181.82, 71.82)
(0.00, -36.98, 61.61)

40
batter40
(0.00, 1653.11, 164.57)
(0.00, 1459.77, 149.67)
(0.00, 1263.98, 135.29)
(0.00, 1065.73, 121.44)
(0.00, 865.04, 108.11)
(0.00, 661.90, 95.30)
(0.00, 456.31, 83.03)
(0.00, 248.27, 71.27)
(0.00, 37.78, 60.04)
(0.00, -175.17, 49.34)

41
batter41
(0.00, 1657.26, 164.91)
(0.00, 1468.07, 150.78)
(0.00, 1276.44, 137.62)
(0.00, 1082.35, 125.41)
(0.00, 885.81, 114.17)
(0.00, 686.82, 103.89)
(0.00, 485.38, 94.58)
(0.00, 281.49, 86.23)
(0.00, 75.16, 78.83)
(0.00, -133.63, 72.41)

42
batter42
(0.00, 1624.04, 162.21)
(0.00, 1401.62, 145.38)
(0.00, 1176.76, 129.51)
(0.00, 949.44, 114.60)
(0.00, 719.68, 100.66)
(0.00, 487.46, 87.68)
(0.00, 252.80, 75.66)
(0.00, 15.68, 64.60)
(0.00, -223.88, 54.51)

43
batter43
(0.00, 1624.04, 162.21)
(0.00, 1401.62, 145.38)
(0.00, 1176.76, 129.51)
(0.00, 949.44, 114.60)
(0.00, 719.68, 100.66)
(0.00, 487.46, 87.68)
(0.00, 252.80, 75.66)
(0.00, 15.68, 64.60)
(0.00, -223.88, 54.51)

44
batter44
(0.00, 1654.49, 164.68)
(0.00, 1462.54, 149.41)
(0.00, 1268.13, 134.17)
(0.00, 1071.27, 118.96)
(0.00, 871.96, 103.80)
(0.00, 670.21, 88.67)
(0.00, 466.00, 73.58)
(0.00, 259.34, 58.52)
(0.00, 50.24, 43.51)
(0.00, -161.32, 28.53)

45
batter45
(0.00, 1654.49, 164.68)
(0.00, 1462.54, 150.31)
(0.00, 1268.13, 136.87)
(0.00, 1071.27, 124.36)
(0.00, 871.96, 112.80)
(0.00, 670.21, 102.17)
(0.00, 466.00, 92.48)
(0.00, 259.34, 83.72)
(0.00, 50.24, 75.91)
(0.00, -161.32, 69.03)

46
batter46
(0.00, 1632.34, 162.88)
(0.00, 1418.23, 146.84)
(0.00, 1201.68, 131.87)
(0.00, 982.67, 117.98)
(0.00, 761.21, 105.16)
(0.00, 537.30, 93.42)
(0.00, 310.94, 82.75)
(0.00, 82.14, 73.16)
(0.00, -149.12, 64.64)

47
batter47
(0.00, 1635.11, 163.11)
(0.00, 1423.77, 147.20)
(0.00, 1209.98, 132.29)
(0.00, 993.74, 118.36)
(0.00, 775.05, 105.41)
(0.00, 553.92, 93.46)
(0.00, 330.33, 82.49)
(0.00, 104.29, 72.51)
(0.00, -124.20, 63.52)

48
batter48
(0.00, 1632.34, 162.88)
(0.00, 1418.23, 145.89)
(0.00, 1201.68, 129.02)
(0.00, 982.67, 112.28)
(0.00, 761.21, 95.66)
(0.00, 537.30, 79.17)
(0.00, 310.94, 62.80)
(0.00, 82.14, 46.56)
(0.00, -149.12, 30.44)

49
batter49
(0.00, 1626.80, 162.43)
(0.00, 1407.16, 145.34)
(0.00, 1185.06, 128.72)
(0.00, 960.52, 112.58)
(0.00, 733.52, 96.91)
(0.00, 504.08, 81.72)
(0.00, 272.18, 67.00)
(0.00, 37.83, 52.76)
(0.00, -198.96, 38.99)

50
batter50
(0.00, 1646.19, 164.01)
(0.00, 1445.92, 148.24)
(0.00, 1243.21, 132.70)
(0.00, 1038.05, 117.38)
(0.00, 830.43, 102.29)
(0.00, 620.37, 87.43)
(0.00, 407.85, 72.78)
(0.00, 192.89, 58.37)
(0.00, -24.52, 44.18)

51
batter51
(0.00, 1660.03, 165.13)
(0.00, 1473.61, 151.33)
(0.00, 1284.74, 138.59)
(0.00, 1093.42, 126.91)
(0.00, 899.65, 116.30)
(0.00, 703.43, 106.75)
(0.00, 504.76, 98.26)
(0.00, 303.64, 90.83)
(0.00, 100.08, 84.46)
(0.00, -105.94, 79.16)

52
batter52
(0.00, 1650.34, 164.35)
(0.00, 1454.23, 149.07)
(0.00, 1255.67, 134.16)
(0.00, 1054.66, 119.64)
(0.00, 851.20, 105.48)
(0.00, 645.29, 91.70)
(0.00, 436.93, 78.30)
(0.00, 226.12, 65.27)
(0.00, 12.86, 52.62)
(0.00, -202.85, 40.34)

53
batter53
(0.00, 1637.88, 163.33)
(0.00, 1429.31, 147.38)
(0.00, 1218.29, 132.14)
(0.00, 1004.82, 117.61)
(0.00, 788.90, 103.79)
(0.00, 570.53, 90.68)
(0.00, 349.71, 78.29)
(0.00, 126.44, 66.61)
(0.00, -99.28, 55.65)

54
batter54
(0.00, 1628.19, 162.54)
(0.00, 1409.93, 146.31)
(0.00, 1189.22, 131.31)
(0.00, 966.06, 117.53)
(0.00, 740.44, 104.97)
(0.00, 512.38, 93.64)
(0.00, 281.87, 83.54)
(0.00, 48.91, 74.66)
(0.00, -186.50, 67.00)

55
batter55
(0.00, 1622.65, 162.09)
(0.00, 1398.85, 145.20)
(0.00, 1172.60, 129.32)
(0.00, 943.90, 114.45)
(0.00, 712.76, 100.60)
(0.00, 479.16, 87.75)
(0.00, 243.11, 75.92)
(0.00, 4.61, 65.10)
(0.00, -236.34, 55.30)

56
batter56
(0.00, 1636.50, 163.22)
(0.00, 1426.54, 146.55)
(0.00, 1214.14, 130.00)
(0.00, 999.28, 113.56)
(0.00, 781.98, 97.23)
(0.00, 562.22, 81.01)
(0.00, 340.02, 64.90)
(0.00, 115.36, 48.91)
(0.00, -111.74, 33.03)

57
batter57
(0.00, 1653.11, 164.57)
(0.00, 1459.77, 149.19)
(0.00, 1263.98, 133.86)
(0.00, 1065.73, 118.59)
(0.00, 865.04, 103.36)
(0.00, 661.90, 88.18)
(0.00, 456.31, 73.05)
(0.00, 248.27, 57.97)
(0.00, 37.78, 42.94)
(0.00, -175.17, 27.97)

58
batter58
(0.00, 1650.34, 164.35)
(0.00, 1454.23, 149.87)
(0.00, 1255.67, 136.56)
(0.00, 1054.66, 124.44)
(0.00, 851.20, 113.48)
(0.00, 645.29, 103.70)
(0.00, 436.93, 95.10)
(0.00, 226.12, 87.67)
(0.00, 12.86, 81.42)
(0.00, -202.85, 76.34)

59
batter59
(0.00, 1624.04, 162.21)
(0.00, 1401.62, 145.48)
(0.00, 1176.76, 129.81)
(0.00, 949.44, 115.20)
(0.00, 719.68, 101.66)
(0.00, 487.46, 89.18)
(0.00, 252.80, 77.76)
(0.00, 15.68, 67.40)
(0.00, -223.88, 58.11)

60
batter60
(0.00, 1622.65, 162.09)
(0.00, 1398.85, 144.63)
(0.00, 1172.60, 127.59)
(0.00, 943.90, 111.00)
(0.00, 712.76, 94.85)
(0.00, 479.16, 79.13)
(0.00, 243.11, 63.85)
(0.00, 4.61, 49.00)
(0.00, -236.34, 34.60)

61
batter61
(0.00, 1660.03, 165.13)
(0.00, 1473.61, 150.54)
(0.00, 1284.74, 136.23)
(0.00, 1093.42, 122.19)
(0.00, 899.65, 108.42)
(0.00, 703.43, 94.93)
(0.00, 504.76, 81.72)
(0.00, 303.64, 68.78)
(0.00, 100.08, 56.11)
(0.00, -105.94, 43.72)

62
batter62
(0.00, 1658.65, 165.02)
(0.00, 1470.84, 150.43)
(0.00, 1280.59, 136.23)
(0.00, 1087.88, 122.41)
(0.00, 892.73, 108.99)
(0.00, 695.13, 95.94)
(0.00, 495.07, 83.29)
(0.00, 292.57, 71.03)
(0.00, 87.62, 59.15)
(0.00, -119.79, 47.66)

63
batter63
(0.00, 1651.72, 164.46)
(0.00, 1457.00, 149.51)
(0.00, 1259.82, 135.14)
(0.00, 1060.20, 121.36)
(0.00, 858.12, 108.17)
(0.00, 653.59, 95.57)
(0.00, 446.62, 83.55)
(0.00, 237.19, 72.12)
(0.00, 25.32, 61.28)
(0.00, -189.01, 51.03)

64
batter64
(0.00, 1628.19, 162.54)
(0.00, 1409.93, 145.30)
(0.00, 1189.22, 128.27)
(0.00, 966.06, 111.45)
(0.00, 740.44, 94.85)
(0.00, 512.38, 78.45)
(0.00, 281.87, 62.27)
(0.00, 48.91, 46.31)
(0.00, -186.50, 30.55)

65
batter65
(0.00, 1625.42, 162.32)
(0.00, 1404.39, 144.71)
(0.00, 1180.91, 127.18)
(0.00, 954.98, 109.73)
(0.00, 726.60, 92.35)
(0.00, 495.77, 75.04)
(0.00, 262.49, 57.81)
(0.00, 26.76, 40.65)
(0.00, -211.42, 23.57)

66
batter66
(0.00, 1624.04, 162.21)
(0.00, 1401.62, 145.29)
(0.00, 1176.76, 129.24)
(0.00, 949.44, 114.08)
(0.00, 719.68, 99.78)
(0.00, 487.46, 86.36)
(0.00, 252.80, 73.82)
(0.00, 15.68, 62.15)
(0.00, -223.88, 51.36)

67
batter67
(0.00, 1648.96, 164.23)
(0.00, 1451.46, 148.78)
(0.00, 1251.52, 133.64)
(0.00, 1049.12, 118.81)
(0.00, 844.28, 104.29)
(0.00, 636.98, 90.09)
(0.00, 427.24, 76.20)
(0.00, 215.04, 62.62)
(0.00, 0.40, 49.35)
(0.00, -216.70, 36.40)

68
batter68
(0.00, 1650.34, 164.35)
(0.00, 1454.23, 149.01)
(0.00, 1255.67, 133.98)
(0.00, 1054.66, 119.26)
(0.00, 851.20, 104.86)
(0.00, 645.29, 90.77)
(0.00, 436.93, 76.99)
(0.00, 226.12, 63.52)
(0.00, 12.86, 50.37)
(0.00, -202.85, 37.53)

69
batter69
(0.00, 1648.96, 164.23)
(0.00, 1451.46, 149.10)
(0.00, 1251.52, 134.61)
(0.00, 1049.12, 120.76)
(0.00, 844.28, 107.54)
(0.00, 636.98, 94.96)
(0.00, 427.24, 83.02)
(0.00, 215.04, 71.72)
(0.00, 0.40, 61.05)
(0.00, -216.70, 51.02)

70
batter70
(0.00, 1661.42, 165.25)
(0.00, 1476.38, 150.97)
(0.00, 1288.90, 137.17)
(0.00, 1098.96, 123.84)
(0.00, 906.58, 110.99)
(0.00, 711.74, 98.61)
(0.00, 514.46, 86.71)
(0.00, 314.72, 75.28)
(0.00, 112.54, 64.33)
(0.00, -92.10, 53.85)

71
batter71
(0.00, 1621.27, 161.98)
(0.00, 1396.08, 144.88)
(0.00, 1168.45, 128.68)
(0.00, 938.37, 113.40)
(0.00, 705.83, 99.03)
(0.00, 470.85, 85.58)
(0.00, 233.42, 73.03)
(0.00, -6.47, 61.40)

72
batter72
(0.00, 1625.42, 162.32)
(0.00, 1404.39, 144.96)
(0.00, 1180.91, 127.93)
(0.00, 954.98, 111.23)
(0.00, 726.60, 94.85)
(0.00, 495.77, 78.79)
(0.00, 262.49, 63.06)
(0.00, 26.76, 47.65)
(0.00, -211.42, 32.57)

73
batter73
(0.00, 1648.96, 164.23)
(0.00, 1451.46, 148.90)
(0.00, 1251.52, 134.01)
(0.00, 1049.12, 119.56)
(0.00, 844.28, 105.54)
(0.00, 636.98, 91.96)
(0.00, 427.24, 78.82)
(0.00, 215.04, 66.12)
(0.00, 0.40, 53.85)
(0.00, -216.70, 42.02)

74
batter74
(0.00, 1653.11, 164.57)
(0.00, 1459.77, 149.53)
(0.00, 1263.98, 134.88)
(0.00, 1065.73, 120.61)
(0.00, 865.04, 106.73)
(0.00, 661.90, 93.24)
(0.00, 456.31, 80.14)
(0.00, 248.27, 67.42)
(0.00, 37.78, 55.09)
(0.00, -175.17, 43.15)

75
batter75
(0.00, 1646.19, 164.01)
(0.00, 1445.92, 149.10)
(0.00, 1243.21, 135.29)
(0.00, 1038.05, 122.56)
(0.00, 830.43, 110.92)
(0.00, 620.37, 100.36)
(0.00, 407.85, 90.90)
(0.00, 192.89, 82.52)
(0.00, -24.52, 75.23)

76
batter76
(0.00, 1639.26, 163.45)
(0.00, 1432.08, 147.74)
(0.00, 1222.44, 132.89)
(0.00, 1010.36, 118.88)
(0.00, 795.82, 105.73)
(0.00, 578.84, 93.42)
(0.00, 359.40, 81.97)
(0.00, 137.51, 71.36)
(0.00, -86.82, 61.61)

77
batter77
(0.00, 1643.42, 163.78)
(0.00, 1440.38, 148.60)
(0.00, 1234.90, 134.46)
(0.00, 1026.97, 121.36)
(0.00, 816.59, 109.29)
(0.00, 603.75, 98.26)
(0.00, 388.47, 88.27)
(0.00, 170.74, 79.32)
(0.00, -49.44, 71.40)

78
batter78
(0.00, 1640.65, 163.56)
(0.00, 1434.85, 148.28)
(0.00, 1226.60, 134.16)
(0.00, 1015.89, 121.21)
(0.00, 802.74, 109.42)
(0.00, 587.14, 98.79)
(0.00, 369.09, 89.32)
(0.00, 148.59, 81.01)
(0.00, -74.36, 73.87)

79
batter79
(0.00, 1636.50, 163.22)
(0.00, 1426.54, 146.92)
(0.00, 1214.14, 131.09)
(0.00, 999.28, 115.73)
(0.00, 781.98, 100.85)
(0.00, 562.22, 86.45)
(0.00, 340.02, 72.52)
(0.00, 115.36, 59.06)
(0.00, -111.74, 46.08)

80
batter80
(0.00, 1657.26, 164.91)
(0.00, 1468.07, 150.44)
(0.00, 1276.44, 136.60)
(0.00, 1082.35, 123.39)
(0.00, 885.81, 110.80)
(0.00, 686.82, 98.83)
(0.00, 485.38, 87.49)
(0.00, 281.49, 76.78)
(0.00, 75.16, 66.68)
(0.00, -133.63, 57.22)

81
batter81
(0.00, 1628.19, 162.54)
(0.00, 1409.93, 145.41)
(0.00, 1189.22, 128.61)
(0.00, 966.06, 112.13)
(0.00, 740.44, 95.97)
(0.00, 512.38, 80.14)
(0.00, 281.87, 64.64)
(0.00, 48.91, 49.46)
(0.00, -186.50, 34.60)

82
batter82
(0.00, 1639.26, 163.45)
(0.00, 1432.08, 146.92)
(0.00, 1222.44, 130.41)
(0.00, 1010.36, 113.93)
(0.00, 795.82, 97.48)
(0.00, 578.84, 81.05)
(0.00, 359.40, 64.64)
(0.00, 137.51, 48.26)
(0.00, -86.82, 31.91)

83
batter83
(0.00, 1633.73, 162.99)
(0.00, 1421.00, 146.55)
(0.00, 1205.83, 130.67)
(0.00, 988.21, 115.35)
(0.00, 768.13, 100.60)
(0.00, 545.61, 86.41)
(0.00, 320.64, 72.78)
(0.00, 93.21, 59.71)
(0.00, -136.66, 47.20)

84
batter84
(0.00, 1640.65, 163.56)
(0.00, 1434.85, 148.29)
(0.00, 1226.60, 134.20)
(0.00, 1015.89, 121.28)
(0.00, 802.74, 109.54)
(0.00, 587.14, 98.97)
(0.00, 369.09, 89.58)
(0.00, 148.59, 81.36)
(0.00, -74.36, 74.32)

85
batter85
(0.00, 1660.03, 165.13)
(0.00, 1473.61, 150.88)
(0.00, 1284.74, 137.24)
(0.00, 1093.42, 124.21)
(0.00, 899.65, 111.80)
(0.00, 703.43, 100.00)
(0.00, 504.76, 88.81)
(0.00, 303.64, 78.23)
(0.00, 100.08, 68.26)
(0.00, -105.94, 58.91)

86
batter86
(0.00, 1653.11, 164.57)
(0.00, 1459.77, 149.66)
(0.00, 1263.98, 135.25)
(0.00, 1065.73, 121.36)
(0.00, 865.04, 107.98)
(0.00, 661.90, 95.12)
(0.00, 456.31, 82.76)
(0.00, 248.27, 70.92)
(0.00, 37.78, 59.59)
(0.00, -175.17, 48.78)

87
batter87
(0.00, 1653.11, 164.57)
(0.00, 1459.77, 149.96)
(0.00, 1263.98, 136.15)
(0.00, 1065.73, 123.16)
(0.00, 865.04, 110.98)
(0.00, 661.90, 99.62)
(0.00, 456.31, 89.06)
(0.00, 248.27, 79.32)
(0.00, 37.78, 70.39)
(0.00, -175.17, 62.28)

88
batter88
(0.00, 1622.65, 162.09)
(0.00, 1398.85, 144.40)
(0.00, 1172.60, 126.92)
(0.00, 943.90, 109.65)
(0.00, 712.76, 92.60)
(0.00, 479.16, 75.75)
(0.00, 243.11, 59.12)
(0.00, 4.61, 42.70)
(0.00, -236.34, 26.50)

89
batter89
(0.00, 1637.88, 163.33)
(0.00, 1429.31, 147.12)
(0.00, 1218.29, 131.35)
(0.00, 1004.82, 116.03)
(0.00, 788.90, 101.16)
(0.00, 570.53, 86.75)
(0.00, 349.71, 72.78)
(0.00, 126.44, 59.26)
(0.00, -99.28, 46.20)

90
batter90
(0.00, 1637.88, 163.33)
(0.00, 1429.31, 147.13)
(0.00, 1218.29, 131.39)
(0.00, 1004.82, 116.11)
(0.00, 788.90, 101.29)
(0.00, 570.53, 86.93)
(0.00, 349.71, 73.04)
(0.00, 126.44, 59.61)
(0.00, -99.28, 46.65)

91
batter91
(0.00, 1632.34, 162.88)
(0.00, 1418.23, 146.04)
(0.00, 1201.68, 129.47)
(0.00, 982.67, 113.18)
(0.00, 761.21, 97.16)
(0.00, 537.30, 81.42)
(0.00, 310.94, 65.95)
(0.00, 82.14, 50.76)
(0.00, -149.12, 35.84)

92
batter92
(0.00, 1640.65, 163.56)
(0.00, 1434.85, 148.19)
(0.00, 1226.60, 133.90)
(0.00, 1015.89, 120.68)
(0.00, 802.74, 108.54)
(0.00, 587.14, 97.47)
(0.00, 369.09, 87.48)
(0.00, 148.59, 78.56)
(0.00, -74.36, 70.72)

93
batter93
(0.00, 1626.80, 162.43)
(0.00, 1407.16, 146.09)
(0.00, 1185.06, 130.97)
(0.00, 960.52, 117.08)
(0.00, 733.52, 104.41)
(0.00, 504.08, 92.97)
(0.00, 272.18, 82.75)
(0.00, 37.83, 73.76)
(0.00, -198.96, 65.99)

94
batter94
(0.00, 1624.04, 162.21)
(0.00, 1401.62, 144.56)
(0.00, 1176.76, 127.07)
(0.00, 949.44, 109.73)
(0.00, 719.68, 92.53)
(0.00, 487.46, 75.49)
(0.00, 252.80, 58.60)
(0.00, 15.68, 41.85)
(0.00, -223.88, 25.26)

95
batter95
(0.00, 1660.03, 165.13)
(0.00, 1473.61, 150.77)
(0.00, 1284.74, 136.90)
(0.00, 1093.42, 123.54)
(0.00, 899.65, 110.67)
(0.00, 703.43, 98.31)
(0.00, 504.76, 86.44)
(0.00, 303.64, 75.08)
(0.00, 100.08, 64.21)
(0.00, -105.94, 53.85)

96
batter96
(0.00, 1651.72, 164.46)
(0.00, 1457.00, 149.67)
(0.00, 1259.82, 135.63)
(0.00, 1060.20, 122.34)
(0.00, 858.12, 109.79)
(0.00, 653.59, 98.00)
(0.00, 446.62, 86.96)
(0.00, 237.19, 76.67)
(0.00, 25.32, 67.13)
(0.00, -189.01, 58.34)

97
batter97
(0.00, 1662.80, 165.36)
(0.00, 1479.15, 151.61)
(0.00, 1293.05, 138.74)
(0.00, 1104.50, 126.76)
(0.00, 913.50, 115.67)
(0.00, 720.05, 105.47)
(0.00, 524.15, 96.16)
(0.00, 325.80, 87.73)
(0.00, 125.00, 80.19)
(0.00, -78.26, 73.54)

98
batter98
(0.00, 1653.11, 164.57)
(0.00, 1459.77, 149.83)
(0.00, 1263.98, 135.78)
(0.00, 1065.73, 122.41)
(0.00, 865.04, 109.73)
(0.00, 661.90, 97.74)
(0.00, 456.31, 86.44)
(0.00, 248.27, 75.82)
(0.00, 37.78, 65.89)
(0.00, -175.17, 56.65)

99
batter99
(0.00, 1658.65, 165.02)
(0.00, 1470.84, 151.08)
(0.00, 1280.59, 138.18)
(0.00, 1087.88, 126.31)
(0.00, 892.73, 115.49)
(0.00, 695.13, 105.69)
(0.00, 495.07, 96.94)
(0.00, 292.57, 89.23)
(0.00, 87.62, 82.55)
(0.00, -119.79, 76.91)

100
batter100
(0.00, 1654.49, 164.68)
(0.00, 1462.54, 150.21)
(0.00, 1268.13, 136.57)
(0.00, 1071.27, 123.76)
(0.00, 871.96, 111.80)
(0.00, 670.21, 100.67)
(0.00, 466.00, 90.38)
(0.00, 259.34, 80.92)
(0.00, 50.24, 72.31)
(0.00, -161.32, 64.53)

