150cm 높이에서(가슴 높이) 85cm 배트를 180도 돌린다고 가정
가슴 - 손잡이 : 20cm, 손잡이 - 배트 끝 : 85cm
배트 스윙 시간이 너무 짧아 0.01초 단위로 측정
스윙 스피드
115km/h
		끝				손잡이
0.00   (105.00, 0.00, 100.00)   (20.00, 0.00, 120.00)
0.01   (100.18, 31.45, 111.11)   (19.08, 5.99, 131.11)
0.02   (86.16, 60.02, 122.22)   (16.41, 11.43, 142.22)
0.03   (64.22, 83.07, 133.33)   (12.23, 15.82, 153.33)
0.04   (36.39, 98.49, 144.44)   (6.93, 18.76, 164.44)
0.05   (5.21, 104.87, 155.56)   (0.99, 19.98, 175.56)
0.06   (-26.44, 101.62, 166.67)   (-5.04, 19.36, 186.67)
0.07   (-55.67, 89.03, 177.78)   (-10.60, 16.96, 197.78)
0.08   (-79.78, 68.26, 188.89)   (-15.20, 13.00, 208.89)
0.09   (-96.57, 41.23, 200.00)   (-18.39, 7.85, 220.00)

110km/h
		끝				손잡이
0.00   (105.00, 0.00, 100.00)   (20.00, 0.00, 120.00)
0.01   (100.59, 30.13, 111.11)   (19.16, 5.74, 131.11)
0.02   (87.71, 57.72, 122.22)   (16.71, 10.99, 142.22)
0.03   (67.46, 80.46, 133.33)   (12.85, 15.33, 153.33)
0.04   (41.54, 96.43, 144.44)   (7.91, 18.37, 164.44)
0.05   (12.13, 104.30, 155.56)   (2.31, 19.87, 175.56)
0.06   (-18.31, 103.39, 166.67)   (-3.49, 19.69, 186.67)
0.07   (-47.20, 93.79, 177.78)   (-8.99, 17.87, 197.78)
0.08   (-72.13, 76.31, 188.89)   (-13.74, 14.53, 208.89)
0.09   (-90.99, 52.40, 200.00)   (-17.33, 9.98, 220.00)

105km/h
		끝				손잡이
0.00   (105.00, 0.00, 100.00)   (20.00, 0.00, 120.00)
0.01   (100.98, 28.79, 110.00)   (19.23, 5.48, 130.00)
0.02   (89.21, 55.38, 120.00)   (16.99, 10.55, 140.00)
0.03   (70.60, 77.72, 130.00)   (13.45, 14.80, 150.00)
0.04   (46.58, 94.10, 140.00)   (8.87, 17.92, 160.00)
0.05   (18.99, 103.27, 150.00)   (3.62, 19.67, 170.00)
0.06   (-10.05, 104.52, 160.00)   (-1.91, 19.91, 180.00)
0.07   (-38.33, 97.76, 170.00)   (-7.30, 18.62, 190.00)
0.08   (-63.66, 83.50, 180.00)   (-12.13, 15.90, 200.00)
0.09   (-84.12, 62.84, 190.00)   (-16.02, 11.97, 210.00)
0.10   (-98.13, 37.36, 200.00)   (-18.69, 7.12, 220.00)

100km/h
		끝				손잡이
0.00   (105.00, 0.00, 100.00)   (20.00, 0.00, 120.00)
0.01   (101.35, 27.45, 110.00)   (19.30, 5.23, 130.00)
0.02   (90.64, 53.00, 120.00)   (17.27, 10.10, 140.00)
0.03   (73.63, 74.86, 130.00)   (14.02, 14.26, 150.00)
0.04   (51.50, 91.50, 140.00)   (9.81, 17.43, 160.00)
0.05   (25.78, 101.79, 150.00)   (4.91, 19.39, 170.00)
0.06   (-1.73, 104.99, 160.00)   (-0.33, 20.00, 180.00)
0.07   (-29.12, 100.88, 170.00)   (-5.55, 19.22, 190.00)
0.08   (-54.49, 89.76, 180.00)   (-10.38, 17.10, 200.00)
0.09   (-76.06, 72.39, 190.00)   (-14.49, 13.79, 210.00)
0.10   (-92.34, 49.98, 200.00)   (-17.59, 9.52, 220.00)

95km/h
		끝				손잡이
0.00   (105.00, 0.00, 100.00)   (20.00, 0.00, 120.00)
0.01   (101.70, 26.11, 109.09)   (19.37, 4.97, 129.09)
0.02   (92.01, 50.58, 118.18)   (17.53, 9.63, 138.18)
0.03   (76.54, 71.88, 127.27)   (14.58, 13.69, 147.27)
0.04   (56.26, 88.65, 136.36)   (10.72, 16.89, 156.36)
0.05   (32.45, 99.86, 145.45)   (6.18, 19.02, 165.45)
0.06   (6.60, 104.79, 154.55)   (1.26, 19.96, 174.55)
0.07   (-19.67, 103.14, 163.64)   (-3.75, 19.65, 183.64)
0.08   (-44.70, 95.01, 172.73)   (-8.51, 18.10, 192.73)
0.09   (-66.93, 80.91, 181.82)   (-12.75, 15.41, 201.82)
0.10   (-84.94, 61.72, 190.91)   (-16.18, 11.76, 210.91)
0.11   (-97.62, 38.66, 200.00)   (-18.60, 7.36, 220.00)'

90km/h
		끝				손잡이
0.00   (105.00, 0.00, 100.00)   (20.00, 0.00, 120.00)
0.01   (102.04, 24.76, 108.33)   (19.44, 4.72, 128.33)
0.02   (93.32, 48.13, 116.67)   (17.77, 9.17, 136.67)
0.03   (79.33, 68.78, 125.00)   (15.11, 13.10, 145.00)
0.04   (60.87, 85.55, 133.33)   (11.59, 16.30, 153.33)
0.05   (38.98, 97.50, 141.67)   (7.42, 18.57, 161.67)
0.06   (14.88, 103.94, 150.00)   (2.83, 19.80, 170.00)
0.07   (-10.05, 104.52, 158.33)   (-1.91, 19.91, 178.33)
0.08   (-34.42, 99.20, 166.67)   (-6.56, 18.89, 186.67)
0.09   (-56.84, 88.28, 175.00)   (-10.83, 16.82, 195.00)
0.10   (-76.06, 72.39, 183.33)   (-14.49, 13.79, 203.33)
0.11   (-90.99, 52.40, 191.67)   (-17.33, 9.98, 211.67)
0.12   (-100.78, 29.47, 200.00)   (-19.20, 5.61, 220.00)

85km/h
		끝				손잡이
0.00   (105.00, 0.00, 100.00)   (20.00, 0.00, 120.00)
0.01   (102.36, 23.41, 108.33)   (19.50, 4.46, 128.33)
0.02   (94.56, 45.65, 116.67)   (18.01, 8.69, 136.67)
0.03   (82.00, 65.58, 125.00)   (15.62, 12.49, 145.00)
0.04   (65.31, 82.21, 133.33)   (12.44, 15.66, 153.33)
0.05   (45.34, 94.71, 141.67)   (8.64, 18.04, 161.67)
0.06   (23.08, 102.43, 150.00)   (4.40, 19.51, 170.00)
0.07   (-0.34, 105.00, 158.33)   (-0.07, 20.00, 178.33)
0.08   (-23.75, 102.28, 166.67)   (-4.52, 19.48, 186.67)
0.09   (-45.96, 94.41, 175.00)   (-8.75, 17.98, 195.00)
0.10   (-65.85, 81.78, 183.33)   (-12.54, 15.58, 203.33)
0.11   (-82.43, 65.04, 191.67)   (-15.70, 12.39, 211.67)
0.12   (-94.86, 45.03, 200.00)   (-18.07, 8.58, 220.00)

80km/h
		끝				손잡이
0.00   (105.00, 0.00, 100.00)   (20.00, 0.00, 120.00)
0.01   (102.66, 22.06, 107.69)   (19.55, 4.20, 127.69)
0.02   (95.73, 43.13, 115.38)   (18.23, 8.22, 135.38)
0.03   (84.54, 62.28, 123.08)   (16.10, 11.86, 143.08)
0.04   (69.57, 78.65, 130.77)   (13.25, 14.98, 150.77)
0.05   (51.50, 91.50, 138.46)   (9.81, 17.43, 158.46)
0.06   (31.13, 100.28, 146.15)   (5.93, 19.10, 166.15)
0.07   (9.37, 104.58, 153.85)   (1.78, 19.92, 173.85)
0.08   (-12.81, 104.22, 161.54)   (-2.44, 19.85, 181.54)
0.09   (-34.42, 99.20, 169.23)   (-6.56, 18.90, 189.23)
0.10   (-54.49, 89.76, 176.92)   (-10.38, 17.10, 196.92)
0.11   (-72.13, 76.31, 184.62)   (-13.74, 14.53, 204.62)
0.12   (-86.55, 59.45, 192.31)   (-16.49, 11.32, 212.31)
0.13   (-97.10, 39.95, 200.00)   (-18.50, 7.61, 220.00)

75km/h
		끝				손잡이
0.00   (105.00, 0.00, 100.00)   (20.00, 0.00, 120.00)
0.01   (102.94, 20.70, 107.14)   (19.61, 3.94, 127.14)
0.02   (96.84, 40.58, 114.29)   (18.45, 7.73, 134.29)
0.03   (86.94, 58.87, 121.43)   (16.56, 11.21, 141.43)
0.04   (73.63, 74.86, 128.57)   (14.02, 14.26, 148.57)
0.05   (57.43, 87.90, 135.71)   (10.94, 16.74, 155.71)
0.06   (38.98, 97.50, 142.86)   (7.42, 18.57, 162.86)
0.07   (19.00, 103.27, 150.00)   (3.62, 19.67, 170.00)
0.08   (-1.73, 104.99, 157.14)   (-0.33, 20.00, 177.14)
0.09   (-22.39, 102.58, 164.29)   (-4.27, 19.54, 184.29)
0.10   (-42.17, 96.16, 171.43)   (-8.03, 18.32, 191.43)
0.11   (-60.30, 85.96, 178.57)   (-11.49, 16.37, 198.57)
0.12   (-76.06, 72.39, 185.71)   (-14.49, 13.79, 205.71)
0.13   (-88.84, 55.97, 192.86)   (-16.92, 10.66, 212.86)
0.14   (-98.13, 37.36, 200.00)   (-18.69, 7.12, 220.00)

70km/h
		끝				손잡이
0.00   (105.00, 0.00, 100.00)   (20.00, 0.00, 120.00)
0.01   (103.20, 19.33, 106.67)   (19.66, 3.68, 126.67)
0.02   (97.88, 38.01, 113.33)   (18.64, 7.24, 133.33)
0.03   (89.21, 55.38, 120.00)   (16.99, 10.55, 140.00)
0.04   (77.49, 70.86, 126.67)   (14.76, 13.50, 146.67)
0.05   (63.12, 83.91, 133.33)   (12.02, 15.98, 153.33)
0.06   (46.59, 94.10, 140.00)   (8.87, 17.92, 160.00)
0.07   (28.46, 101.07, 146.67)   (5.42, 19.25, 166.67)
0.08   (9.37, 104.58, 153.33)   (1.78, 19.92, 173.33)
0.09   (-10.05, 104.52, 160.00)   (-1.91, 19.91, 180.00)
0.10   (-29.12, 100.88, 166.67)   (-5.55, 19.22, 186.67)
0.11   (-47.20, 93.79, 173.33)   (-8.99, 17.87, 193.33)
0.12   (-63.66, 83.50, 180.00)   (-12.13, 15.90, 200.00)
0.13   (-77.95, 70.35, 186.67)   (-14.85, 13.40, 206.67)
0.14   (-89.57, 54.79, 193.33)   (-17.06, 10.44, 213.33)
0.15   (-98.13, 37.36, 200.00)   (-18.69, 7.12, 220.00)