사각형의 네 꼭짓점 정보(아래 왼 - 아래 오 - 윗 왼 - 윗 오 순)
키
195cm
(-23.59, 0, 52.728)
(23.59, 0, 52.728)
(-23.59, 0, 108.7125)
(23.59, 0, 108.7125)

190cm
(-23.59, 0, 51.376)
(23.59, 0, 51.376)
(-23.59, 0, 105.925)
(23.59, 0, 105.925)

185cm
(-23.59, 0, 50.024)
(23.59, 0, 50.024)
(-23.59, 0, 103.1375)
(23.59, 0, 103.1375)

180cm
(-23.59, 0, 48.672)
(23.59, 0, 48.672)
(-23.59, 0, 100.35)
(23.59, 0, 100.35)

175cm
(-23.59, 0, 47.32)
(23.59, 0, 47.32)
(-23.59, 0, 97.5625)
(23.59, 0, 97.5625)

170cm
(-23.59, 0, 45.968)
(23.59, 0, 45.968)
(-23.59, 0, 94.775)
(23.59, 0, 94.775)

165cm
(-23.59, 0, 44.616)
(23.59, 0, 44.616)
(-23.59, 0, 91.9875)
(23.59, 0, 91.9875)

160cm
(-23.59, 0, 43.264)
(23.59, 0, 43.264)
(-23.59, 0, 89.2)
(23.59, 0, 89.2)