홈플레이트 (0,0,0), 공 시작 (0, 18.44, 33.55) : z 좌표 마운드 평균 높이 31.75 + 투수 키 1.8

1. 속도 비율 x 방향 0.03, y 방향 0.95, z 방향 0.02 최종 속력
155km/h
(0.00, 18.44, 33.55)
(0.74, 17.54, 34.46)
(1.49, 16.64, 35.27)
(2.23, 15.74, 35.98)
(2.98, 14.84, 36.60)
(3.72, 13.94, 37.11)
(4.47, 13.04, 37.53)
(5.21, 12.15, 37.85)
(5.95, 11.25, 38.07)
(6.70, 10.35, 38.20)
(7.44, 9.45, 38.23)
(8.19, 8.55, 38.15)
(8.93, 7.65, 37.98)
(9.68, 6.75, 37.72)
(10.42, 5.85, 37.35)
(11.16, 4.95, 36.89)
(11.91, 4.05, 36.33)
(12.65, 3.15, 35.67)
(13.40, 2.25, 34.91)
(14.14, 1.35, 34.05)
(14.88, 0.45, 33.10)
(15.63, -0.44, 32.05)
(16.37, -1.34, 30.90)
(17.12, -2.24, 29.65)
(17.86, -3.14, 28.31)
(18.61, -4.04, 26.86)
(19.35, -4.94, 25.32)
(20.09, -5.84, 23.68)
(20.84, -6.74, 21.94)
(21.58, -7.64, 20.11)
(22.33, -8.54, 18.18)
(23.07, -9.44, 16.14)
(23.82, -10.34, 14.01)
(24.56, -11.24, 11.79)
(25.30, -12.14, 9.46)
(26.05, -13.03, 7.04)
(26.79, -13.93, 4.52)
(27.54, -14.83, 1.90)
(28.28, -15.73, -0.82)

154km/h
(0.00, 18.44, 33.55)
(0.74, 17.54, 34.46)
(1.49, 16.64, 35.27)
(2.23, 15.74, 35.98)
(2.97, 14.84, 36.59)
(3.72, 13.94, 37.11)
(4.46, 13.04, 37.53)
(5.20, 12.14, 37.85)
(5.94, 11.25, 38.07)
(6.69, 10.35, 38.19)
(7.43, 9.45, 38.22)
(8.17, 8.55, 38.15)
(8.92, 7.65, 37.98)
(9.66, 6.75, 37.71)
(10.40, 5.85, 37.34)
(11.15, 4.95, 36.88)
(11.89, 4.05, 36.32)
(12.63, 3.15, 35.66)
(13.38, 2.25, 34.90)
(14.12, 1.35, 34.04)
(14.86, 0.45, 33.09)
(15.60, -0.45, 32.04)
(16.35, -1.35, 30.89)
(17.09, -2.24, 29.64)
(17.83, -3.14, 28.29)
(18.58, -4.04, 26.85)
(19.32, -4.94, 25.31)
(20.06, -5.84, 23.67)
(20.81, -6.74, 21.93)
(21.55, -7.64, 20.09)
(22.29, -8.54, 18.16)
(23.03, -9.44, 16.13)
(23.78, -10.34, 14.00)
(24.52, -11.24, 11.77)
(25.26, -12.14, 9.44)
(26.01, -13.04, 7.02)
(26.75, -13.94, 4.50)
(27.49, -14.84, 1.88)
(28.24, -15.73, -0.84)

153km/h
(0.00, 18.44, 33.55)
(0.74, 17.54, 34.46)
(1.48, 16.64, 35.27)
(2.23, 15.74, 35.98)
(2.97, 14.84, 36.59)
(3.71, 13.94, 37.11)
(4.45, 13.04, 37.53)
(5.19, 12.14, 37.84)
(5.93, 11.24, 38.07)
(6.68, 10.35, 38.19)
(7.42, 9.45, 38.22)
(8.16, 8.55, 38.14)
(8.90, 7.65, 37.97)
(9.64, 6.75, 37.70)
(10.39, 5.85, 37.34)
(11.13, 4.95, 36.87)
(11.87, 4.05, 36.31)
(12.61, 3.15, 35.65)
(13.35, 2.25, 34.89)
(14.10, 1.35, 34.03)
(14.84, 0.45, 33.08)
(15.58, -0.45, 32.03)
(16.32, -1.35, 30.88)
(17.06, -2.25, 29.63)
(17.80, -3.15, 28.28)
(18.55, -4.05, 26.84)
(19.29, -4.94, 25.30)
(20.03, -5.84, 23.65)
(20.77, -6.74, 21.92)
(21.51, -7.64, 20.08)
(22.26, -8.54, 18.15)
(23.00, -9.44, 16.11)
(23.74, -10.34, 13.98)
(24.48, -11.24, 11.75)
(25.22, -12.14, 9.43)
(25.97, -13.04, 7.00)
(26.71, -13.94, 4.48)
(27.45, -14.84, 1.86)
(28.19, -15.74, -0.86)

152km/h
(0.00, 18.44, 33.55)
(0.74, 17.54, 34.46)
(1.48, 16.64, 35.27)
(2.22, 15.74, 35.98)
(2.96, 14.84, 36.59)
(3.70, 13.94, 37.11)
(4.44, 13.04, 37.52)
(5.18, 12.14, 37.84)
(5.93, 11.24, 38.06)
(6.67, 10.34, 38.19)
(7.41, 9.45, 38.21)
(8.15, 8.55, 38.14)
(8.89, 7.65, 37.97)
(9.63, 6.75, 37.70)
(10.37, 5.85, 37.33)
(11.11, 4.95, 36.87)
(11.85, 4.05, 36.30)
(12.59, 3.15, 35.64)
(13.33, 2.25, 34.88)
(14.07, 1.35, 34.03)
(14.81, 0.45, 33.07)
(15.55, -0.45, 32.02)
(16.29, -1.35, 30.87)
(17.04, -2.25, 29.62)
(17.78, -3.15, 28.27)
(18.52, -4.05, 26.83)
(19.26, -4.95, 25.28)
(20.00, -5.85, 23.64)
(20.74, -6.75, 21.90)
(21.48, -7.64, 20.07)
(22.22, -8.54, 18.13)
(22.96, -9.44, 16.10)
(23.70, -10.34, 13.97)
(24.44, -11.24, 11.74)
(25.18, -12.14, 9.41)
(25.92, -13.04, 6.99)
(26.66, -13.94, 4.46)
(27.40, -14.84, 1.84)
(28.15, -15.74, -0.88)

151km/h
(0.00, 18.44, 33.55)
(0.74, 17.54, 34.46)
(1.48, 16.64, 35.26)
(2.22, 15.74, 35.98)
(2.96, 14.84, 36.59)
(3.70, 13.94, 37.10)
(4.44, 13.04, 37.52)
(5.18, 12.14, 37.84)
(5.92, 11.24, 38.06)
(6.66, 10.34, 38.18)
(7.39, 9.44, 38.20)
(8.13, 8.54, 38.13)
(8.87, 7.65, 37.96)
(9.61, 6.75, 37.69)
(10.35, 5.85, 37.32)
(11.09, 4.95, 36.86)
(11.83, 4.05, 36.29)
(12.57, 3.15, 35.63)
(13.31, 2.25, 34.87)
(14.05, 1.35, 34.02)
(14.79, 0.45, 33.06)
(15.53, -0.45, 32.01)
(16.27, -1.35, 30.85)
(17.01, -2.25, 29.61)
(17.75, -3.15, 28.26)
(18.49, -4.05, 26.81)
(19.23, -4.95, 25.27)
(19.97, -5.85, 23.63)
(20.71, -6.75, 21.89)
(21.44, -7.65, 20.05)
(22.18, -8.55, 18.11)
(22.92, -9.45, 16.08)
(23.66, -10.35, 13.95)
(24.40, -11.25, 11.72)
(25.14, -12.14, 9.39)
(25.88, -13.04, 6.97)
(26.62, -13.94, 4.44)
(27.36, -14.84, 1.82)
(28.10, -15.74, -0.90)

150km/h
(0.00, 18.44, 33.55)
(0.74, 17.54, 34.46)
(1.48, 16.64, 35.26)
(2.21, 15.74, 35.97)
(2.95, 14.84, 36.59)
(3.69, 13.94, 37.10)
(4.43, 13.04, 37.52)
(5.17, 12.14, 37.83)
(5.91, 11.24, 38.05)
(6.64, 10.34, 38.18)
(7.38, 9.44, 38.20)
(8.12, 8.54, 38.13)
(8.86, 7.64, 37.95)
(9.60, 6.74, 37.68)
(10.34, 5.85, 37.32)
(11.07, 4.95, 36.85)
(11.81, 4.05, 36.29)
(12.55, 3.15, 35.62)
(13.29, 2.25, 34.86)
(14.03, 1.35, 34.01)
(14.77, 0.45, 33.05)
(15.50, -0.45, 32.00)
(16.24, -1.35, 30.84)
(16.98, -2.25, 29.59)
(17.72, -3.15, 28.25)
(18.46, -4.05, 26.80)
(19.19, -4.95, 25.26)
(19.93, -5.85, 23.61)
(20.67, -6.75, 21.87)
(21.41, -7.65, 20.04)
(22.15, -8.55, 18.10)
(22.89, -9.45, 16.07)
(23.62, -10.35, 13.93)
(24.36, -11.25, 11.70)
(25.10, -12.15, 9.38)
(25.84, -13.05, 6.95)
(26.58, -13.95, 4.43)
(27.32, -14.85, 1.80)
(28.05, -15.75, -0.92)

149km/h
(0.00, 18.44, 33.55)
(0.74, 17.54, 34.46)
(1.47, 16.64, 35.26)
(2.21, 15.74, 35.97)
(2.95, 14.84, 36.58)
(3.69, 13.94, 37.10)
(4.42, 13.04, 37.51)
(5.16, 12.14, 37.83)
(5.90, 11.24, 38.05)
(6.63, 10.34, 38.17)
(7.37, 9.44, 38.19)
(8.11, 8.54, 38.12)
(8.84, 7.64, 37.95)
(9.58, 6.74, 37.68)
(10.32, 5.84, 37.31)
(11.06, 4.94, 36.84)
(11.79, 4.04, 36.28)
(12.53, 3.15, 35.61)
(13.27, 2.25, 34.85)
(14.00, 1.35, 34.00)
(14.74, 0.45, 33.04)
(15.48, -0.45, 31.98)
(16.21, -1.35, 30.83)
(16.95, -2.25, 29.58)
(17.69, -3.15, 28.23)
(18.43, -4.05, 26.79)
(19.16, -4.95, 25.24)
(19.90, -5.85, 23.60)
(20.64, -6.75, 21.86)
(21.37, -7.65, 20.02)
(22.11, -8.55, 18.08)
(22.85, -9.45, 16.05)
(23.58, -10.35, 13.92)
(24.32, -11.25, 11.69)
(25.06, -12.15, 9.36)
(25.80, -13.05, 6.93)
(26.53, -13.95, 4.41)
(27.27, -14.85, 1.78)
(28.01, -15.75, -0.94)

148km/h
(0.00, 18.44, 33.55)
(0.74, 17.54, 34.45)
(1.47, 16.64, 35.26)
(2.21, 15.74, 35.97)
(2.94, 14.84, 36.58)
(3.68, 13.94, 37.09)
(4.41, 13.04, 37.51)
(5.15, 12.14, 37.83)
(5.89, 11.24, 38.05)
(6.62, 10.34, 38.17)
(7.36, 9.44, 38.19)
(8.09, 8.54, 38.11)
(8.83, 7.64, 37.94)
(9.57, 6.74, 37.67)
(10.30, 5.84, 37.30)
(11.04, 4.94, 36.83)
(11.77, 4.04, 36.27)
(12.51, 3.14, 35.61)
(13.24, 2.24, 34.85)
(13.98, 1.34, 33.99)
(14.72, 0.44, 33.03)
(15.45, -0.46, 31.97)
(16.19, -1.35, 30.82)
(16.92, -2.25, 29.57)
(17.66, -3.15, 28.22)
(18.39, -4.05, 26.77)
(19.13, -4.95, 25.23)
(19.87, -5.85, 23.59)
(20.60, -6.75, 21.84)
(21.34, -7.65, 20.01)
(22.07, -8.55, 18.07)
(22.81, -9.45, 16.03)
(23.55, -10.35, 13.90)
(24.28, -11.25, 11.67)
(25.02, -12.15, 9.34)
(25.75, -13.05, 6.91)
(26.49, -13.95, 4.39)
(27.22, -14.85, 1.76)
(27.96, -15.75, -0.96)

147km/h
(0.00, 18.44, 33.55)
(0.73, 17.54, 34.45)
(1.47, 16.64, 35.26)
(2.20, 15.74, 35.97)
(2.94, 14.84, 36.58)
(3.67, 13.94, 37.09)
(4.41, 13.04, 37.51)
(5.14, 12.14, 37.82)
(5.88, 11.24, 38.04)
(6.61, 10.34, 38.16)
(7.35, 9.44, 38.18)
(8.08, 8.54, 38.11)
(8.81, 7.64, 37.94)
(9.55, 6.74, 37.66)
(10.28, 5.84, 37.29)
(11.02, 4.94, 36.83)
(11.75, 4.04, 36.26)
(12.49, 3.14, 35.60)
(13.22, 2.24, 34.84)
(13.96, 1.34, 33.98)
(14.69, 0.44, 33.02)
(15.43, -0.46, 31.96)
(16.16, -1.36, 30.81)
(16.89, -2.26, 29.56)
(17.63, -3.16, 28.21)
(18.36, -4.06, 26.76)
(19.10, -4.96, 25.21)
(19.83, -5.86, 23.57)
(20.57, -6.76, 21.83)
(21.30, -7.66, 19.99)
(22.04, -8.56, 18.05)
(22.77, -9.46, 16.02)
(23.51, -10.36, 13.88)
(24.24, -11.25, 11.65)
(24.97, -12.15, 9.32)
(25.71, -13.05, 6.89)
(26.44, -13.95, 4.37)
(27.18, -14.85, 1.75)
(27.91, -15.75, -0.98)

146km/h
(0.00, 18.44, 33.55)
(0.73, 17.54, 34.45)
(1.47, 16.64, 35.26)
(2.20, 15.74, 35.97)
(2.93, 14.84, 36.58)
(3.67, 13.94, 37.09)
(4.40, 13.04, 37.50)
(5.13, 12.14, 37.82)
(5.87, 11.24, 38.04)
(6.60, 10.34, 38.16)
(7.33, 9.44, 38.18)
(8.07, 8.54, 38.10)
(8.80, 7.64, 37.93)
(9.53, 6.74, 37.66)
(10.27, 5.84, 37.29)
(11.00, 4.94, 36.82)
(11.73, 4.04, 36.25)
(12.47, 3.14, 35.59)
(13.20, 2.24, 34.83)
(13.93, 1.34, 33.97)
(14.67, 0.44, 33.01)
(15.40, -0.46, 31.95)
(16.13, -1.36, 30.80)
(16.87, -2.26, 29.55)
(17.60, -3.16, 28.20)
(18.33, -4.06, 26.75)
(19.07, -4.96, 25.20)
(19.80, -5.86, 23.56)
(20.53, -6.76, 21.81)
(21.27, -7.66, 19.97)
(22.00, -8.56, 18.04)
(22.73, -9.46, 16.00)
(23.47, -10.36, 13.87)
(24.20, -11.26, 11.63)
(24.93, -12.16, 9.30)
(25.67, -13.06, 6.88)
(26.40, -13.96, 4.35)
(27.13, -14.86, 1.73)
(27.87, -15.76, -1.00)

145km/h
(0.00, 18.44, 33.55)
(0.73, 17.54, 34.45)
(1.46, 16.64, 35.26)
(2.20, 15.74, 35.97)
(2.93, 14.84, 36.58)
(3.66, 13.94, 37.09)
(4.39, 13.04, 37.50)
(5.12, 12.14, 37.82)
(5.86, 11.24, 38.03)
(6.59, 10.34, 38.15)
(7.32, 9.44, 38.17)
(8.05, 8.54, 38.10)
(8.78, 7.64, 37.92)
(9.52, 6.74, 37.65)
(10.25, 5.84, 37.28)
(10.98, 4.94, 36.81)
(11.71, 4.04, 36.24)
(12.44, 3.14, 35.58)
(13.18, 2.24, 34.82)
(13.91, 1.34, 33.96)
(14.64, 0.44, 33.00)
(15.37, -0.46, 31.94)
(16.10, -1.36, 30.79)
(16.84, -2.26, 29.53)
(17.57, -3.16, 28.18)
(18.30, -4.06, 26.73)
(19.03, -4.96, 25.19)
(19.77, -5.86, 23.54)
(20.50, -6.76, 21.80)
(21.23, -7.66, 19.96)
(21.96, -8.56, 18.02)
(22.69, -9.46, 15.98)
(23.43, -10.36, 13.85)
(24.16, -11.26, 11.62)
(24.89, -12.16, 9.29)
(25.62, -13.06, 6.86)
(26.35, -13.96, 4.33)
(27.09, -14.86, 1.71)
(27.82, -15.76, -1.02)

2. 속도 비율 x 방향 0.02, y 방향 0.97, z 방향 0.01 최종 속력
156km/h
(0.00, 18.44, 33.55)
(0.74, 17.54, 34.45)
(1.47, 16.64, 35.25)
(2.21, 15.74, 35.95)
(2.94, 14.85, 36.55)
(3.68, 13.95, 37.06)
(4.42, 13.05, 37.47)
(5.15, 12.15, 37.78)
(5.89, 11.25, 37.99)
(6.63, 10.35, 38.10)
(7.36, 9.45, 38.12)
(8.10, 8.56, 38.03)
(8.83, 7.66, 37.85)
(9.57, 6.76, 37.58)
(10.31, 5.86, 37.20)
(11.04, 4.96, 36.72)
(11.78, 4.06, 36.15)
(12.51, 3.16, 35.48)
(13.25, 2.27, 34.71)
(13.99, 1.37, 33.85)
(14.72, 0.47, 32.88)
(15.46, -0.43, 31.82)
(16.20, -1.33, 30.66)
(16.93, -2.23, 29.40)
(17.67, -3.13, 28.05)
(18.40, -4.03, 26.59)
(19.14, -4.92, 25.04)
(19.88, -5.82, 23.39)
(20.61, -6.72, 21.64)
(21.35, -7.62, 19.79)
(22.08, -8.52, 17.85)
(22.82, -9.42, 15.81)
(23.56, -10.32, 13.67)
(24.29, -11.21, 11.43)
(25.03, -12.11, 9.09)
(25.77, -13.01, 6.66)
(26.50, -13.91, 4.13)
(27.24, -14.81, 1.50)
(27.97, -15.71, -1.23)

155km/h
(0.00, 18.44, 33.55)
(0.74, 17.54, 34.45)
(1.47, 16.64, 35.25)
(2.21, 15.74, 35.95)
(2.94, 14.85, 36.55)
(3.68, 13.95, 37.06)
(4.41, 13.05, 37.46)
(5.15, 12.15, 37.77)
(5.88, 11.25, 37.98)
(6.62, 10.35, 38.10)
(7.35, 9.45, 38.11)
(8.09, 8.55, 38.03)
(8.82, 7.66, 37.85)
(9.56, 6.76, 37.57)
(10.29, 5.86, 37.19)
(11.03, 4.96, 36.72)
(11.76, 4.06, 36.15)
(12.50, 3.16, 35.47)
(13.23, 2.26, 34.71)
(13.97, 1.37, 33.84)
(14.70, 0.47, 32.87)
(15.44, -0.43, 31.81)
(16.17, -1.33, 30.65)
(16.91, -2.23, 29.39)
(17.64, -3.13, 28.03)
(18.38, -4.03, 26.58)
(19.11, -4.93, 25.03)
(19.85, -5.82, 23.38)
(20.58, -6.72, 21.63)
(21.32, -7.62, 19.78)
(22.05, -8.52, 17.84)
(22.79, -9.42, 15.79)
(23.52, -10.32, 13.65)
(24.26, -11.22, 11.41)
(24.99, -12.12, 9.08)
(25.73, -13.01, 6.64)
(26.46, -13.91, 4.11)
(27.20, -14.81, 1.48)
(27.93, -15.71, -1.25)

154km/h
(0.00, 18.44, 33.55)
(0.73, 17.54, 34.45)
(1.47, 16.64, 35.25)
(2.20, 15.74, 35.95)
(2.94, 14.84, 36.55)
(3.67, 13.95, 37.05)
(4.40, 13.05, 37.46)
(5.14, 12.15, 37.77)
(5.87, 11.25, 37.98)
(6.61, 10.35, 38.09)
(7.34, 9.45, 38.11)
(8.07, 8.55, 38.02)
(8.81, 7.65, 37.84)
(9.54, 6.76, 37.56)
(10.27, 5.86, 37.19)
(11.01, 4.96, 36.71)
(11.74, 4.06, 36.14)
(12.48, 3.16, 35.47)
(13.21, 2.26, 34.70)
(13.94, 1.36, 33.83)
(14.68, 0.46, 32.86)
(15.41, -0.43, 31.80)
(16.15, -1.33, 30.64)
(16.88, -2.23, 29.38)
(17.61, -3.13, 28.02)
(18.35, -4.03, 26.57)
(19.08, -4.93, 25.02)
(19.82, -5.83, 23.36)
(20.55, -6.73, 21.61)
(21.28, -7.62, 19.77)
(22.02, -8.52, 17.82)
(22.75, -9.42, 15.78)
(23.48, -10.32, 13.64)
(24.22, -11.22, 11.40)
(24.95, -12.12, 9.06)
(25.69, -13.02, 6.63)
(26.42, -13.92, 4.09)
(27.15, -14.81, 1.46)
(27.89, -15.71, -1.27)

153km/h
(0.00, 18.44, 33.55)
(0.73, 17.54, 34.45)
(1.47, 16.64, 35.24)
(2.20, 15.74, 35.94)
(2.93, 14.84, 36.55)
(3.66, 13.95, 37.05)
(4.40, 13.05, 37.46)
(5.13, 12.15, 37.77)
(5.86, 11.25, 37.98)
(6.59, 10.35, 38.09)
(7.33, 9.45, 38.10)
(8.06, 8.55, 38.02)
(8.79, 7.65, 37.84)
(9.53, 6.76, 37.56)
(10.26, 5.86, 37.18)
(10.99, 4.96, 36.70)
(11.72, 4.06, 36.13)
(12.46, 3.16, 35.46)
(13.19, 2.26, 34.69)
(13.92, 1.36, 33.82)
(14.65, 0.46, 32.86)
(15.39, -0.44, 31.79)
(16.12, -1.33, 30.63)
(16.85, -2.23, 29.37)
(17.59, -3.13, 28.01)
(18.32, -4.03, 26.56)
(19.05, -4.93, 25.00)
(19.78, -5.83, 23.35)
(20.52, -6.73, 21.60)
(21.25, -7.63, 19.75)
(21.98, -8.52, 17.81)
(22.72, -9.42, 15.76)
(23.45, -10.32, 13.62)
(24.18, -11.22, 11.38)
(24.91, -12.12, 9.05)
(25.65, -13.02, 6.61)
(26.38, -13.92, 4.08)
(27.11, -14.82, 1.44)
(27.84, -15.72, -1.29)

152km/h
(0.00, 18.44, 33.55)
(0.73, 17.54, 34.45)
(1.46, 16.64, 35.24)
(2.19, 15.74, 35.94)
(2.93, 14.84, 36.55)
(3.66, 13.95, 37.05)
(4.39, 13.05, 37.45)
(5.12, 12.15, 37.76)
(5.85, 11.25, 37.97)
(6.58, 10.35, 38.08)
(7.32, 9.45, 38.10)
(8.05, 8.55, 38.01)
(8.78, 7.65, 37.83)
(9.51, 6.75, 37.55)
(10.24, 5.86, 37.17)
(10.97, 4.96, 36.70)
(11.71, 4.06, 36.12)
(12.44, 3.16, 35.45)
(13.17, 2.26, 34.68)
(13.90, 1.36, 33.81)
(14.63, 0.46, 32.85)
(15.36, -0.44, 31.78)
(16.09, -1.34, 30.62)
(16.83, -2.23, 29.36)
(17.56, -3.13, 28.00)
(18.29, -4.03, 26.55)
(19.02, -4.93, 24.99)
(19.75, -5.83, 23.34)
(20.48, -6.73, 21.59)
(21.22, -7.63, 19.74)
(21.95, -8.53, 17.79)
(22.68, -9.43, 15.75)
(23.41, -10.33, 13.61)
(24.14, -11.22, 11.37)
(24.87, -12.12, 9.03)
(25.61, -13.02, 6.59)
(26.34, -13.92, 4.06)
(27.07, -14.82, 1.43)
(27.80, -15.72, -1.30)

151km/h
(0.00, 18.44, 33.55)
(0.73, 17.54, 34.45)
(1.46, 16.64, 35.24)
(2.19, 15.74, 35.94)
(2.92, 14.84, 36.54)
(3.65, 13.95, 37.05)
(4.38, 13.05, 37.45)
(5.11, 12.15, 37.76)
(5.84, 11.25, 37.97)
(6.57, 10.35, 38.08)
(7.30, 9.45, 38.09)
(8.03, 8.55, 38.01)
(8.77, 7.65, 37.83)
(9.50, 6.75, 37.55)
(10.23, 5.85, 37.17)
(10.96, 4.96, 36.69)
(11.69, 4.06, 36.12)
(12.42, 3.16, 35.44)
(13.15, 2.26, 34.67)
(13.88, 1.36, 33.80)
(14.61, 0.46, 32.84)
(15.34, -0.44, 31.77)
(16.07, -1.34, 30.61)
(16.80, -2.24, 29.35)
(17.53, -3.14, 27.99)
(18.26, -4.03, 26.53)
(18.99, -4.93, 24.98)
(19.72, -5.83, 23.33)
(20.45, -6.73, 21.58)
(21.18, -7.63, 19.73)
(21.91, -8.53, 17.78)
(22.64, -9.43, 15.74)
(23.37, -10.33, 13.59)
(24.10, -11.23, 11.35)
(24.83, -12.13, 9.01)
(25.56, -13.02, 6.58)
(26.30, -13.92, 4.04)
(27.03, -14.82, 1.41)
(27.76, -15.72, -1.32)

150km/h
(0.00, 18.44, 33.55)
(0.73, 17.54, 34.44)
(1.46, 16.64, 35.24)
(2.19, 15.74, 35.94)
(2.92, 14.84, 36.54)
(3.65, 13.94, 37.04)
(4.38, 13.05, 37.45)
(5.10, 12.15, 37.76)
(5.83, 11.25, 37.96)
(6.56, 10.35, 38.08)
(7.29, 9.45, 38.09)
(8.02, 8.55, 38.00)
(8.75, 7.65, 37.82)
(9.48, 6.75, 37.54)
(10.21, 5.85, 37.16)
(10.94, 4.95, 36.68)
(11.67, 4.05, 36.11)
(12.40, 3.16, 35.43)
(13.13, 2.26, 34.66)
(13.86, 1.36, 33.79)
(14.59, 0.46, 32.83)
(15.31, -0.44, 31.76)
(16.04, -1.34, 30.60)
(16.77, -2.24, 29.34)
(17.50, -3.14, 27.98)
(18.23, -4.04, 26.52)
(18.96, -4.94, 24.97)
(19.69, -5.83, 23.31)
(20.42, -6.73, 21.56)
(21.15, -7.63, 19.71)
(21.88, -8.53, 17.77)
(22.61, -9.43, 15.72)
(23.34, -10.33, 13.58)
(24.07, -11.23, 11.34)
(24.79, -12.13, 9.00)
(25.52, -13.03, 6.56)
(26.25, -13.93, 4.03)
(26.98, -14.83, 1.39)
(27.71, -15.72, -1.34)

149km/h
(0.00, 18.44, 33.55)
(0.73, 17.54, 34.44)
(1.46, 16.64, 35.24)
(2.18, 15.74, 35.94)
(2.91, 14.84, 36.54)
(3.64, 13.94, 37.04)
(4.37, 13.05, 37.45)
(5.10, 12.15, 37.75)
(5.82, 11.25, 37.96)
(6.55, 10.35, 38.07)
(7.28, 9.45, 38.08)
(8.01, 8.55, 38.00)
(8.74, 7.65, 37.81)
(9.46, 6.75, 37.53)
(10.19, 5.85, 37.15)
(10.92, 4.95, 36.68)
(11.65, 4.05, 36.10)
(12.38, 3.15, 35.43)
(13.11, 2.26, 34.65)
(13.83, 1.36, 33.79)
(14.56, 0.46, 32.82)
(15.29, -0.44, 31.75)
(16.02, -1.34, 30.59)
(16.75, -2.24, 29.33)
(17.47, -3.14, 27.97)
(18.20, -4.04, 26.51)
(18.93, -4.94, 24.95)
(19.66, -5.84, 23.30)
(20.39, -6.74, 21.55)
(21.11, -7.64, 19.70)
(21.84, -8.53, 17.75)
(22.57, -9.43, 15.71)
(23.30, -10.33, 13.56)
(24.03, -11.23, 11.32)
(24.75, -12.13, 8.98)
(25.48, -13.03, 6.54)
(26.21, -13.93, 4.01)
(26.94, -14.83, 1.37)
(27.67, -15.73, -1.36)

148km/h
(0.00, 18.44, 33.55)
(0.73, 17.54, 34.44)
(1.45, 16.64, 35.24)
(2.18, 15.74, 35.94)
(2.91, 14.84, 36.54)
(3.63, 13.94, 37.04)
(4.36, 13.04, 37.44)
(5.09, 12.14, 37.75)
(5.82, 11.25, 37.96)
(6.54, 10.35, 38.07)
(7.27, 9.45, 38.08)
(8.00, 8.55, 37.99)
(8.72, 7.65, 37.81)
(9.45, 6.75, 37.53)
(10.18, 5.85, 37.15)
(10.90, 4.95, 36.67)
(11.63, 4.05, 36.09)
(12.36, 3.15, 35.42)
(13.08, 2.25, 34.65)
(13.81, 1.35, 33.78)
(14.54, 0.45, 32.81)
(15.26, -0.45, 31.74)
(15.99, -1.35, 30.58)
(16.72, -2.24, 29.32)
(17.45, -3.14, 27.96)
(18.17, -4.04, 26.50)
(18.90, -4.94, 24.94)
(19.63, -5.84, 23.29)
(20.35, -6.74, 21.54)
(21.08, -7.64, 19.69)
(21.81, -8.54, 17.74)
(22.53, -9.44, 15.69)
(23.26, -10.34, 13.55)
(23.99, -11.24, 11.31)
(24.71, -12.14, 8.96)
(25.44, -13.04, 6.53)
(26.17, -13.94, 3.99)
(26.90, -14.84, 1.36)
(27.62, -15.73, -1.38)

147km/h
(0.00, 18.44, 33.55)
(0.73, 17.54, 34.44)
(1.45, 16.64, 35.24)
(2.18, 15.74, 35.94)
(2.90, 14.84, 36.54)
(3.63, 13.94, 37.04)
(4.35, 13.04, 37.44)
(5.08, 12.14, 37.75)
(5.81, 11.24, 37.95)
(6.53, 10.34, 38.06)
(7.26, 9.44, 38.07)
(7.98, 8.55, 37.99)
(8.71, 7.65, 37.80)
(9.43, 6.75, 37.52)
(10.16, 5.85, 37.14)
(10.89, 4.95, 36.66)
(11.61, 4.05, 36.08)
(12.34, 3.15, 35.41)
(13.06, 2.25, 34.64)
(13.79, 1.35, 33.77)
(14.51, 0.45, 32.80)
(15.24, -0.45, 31.73)
(15.97, -1.35, 30.57)
(16.69, -2.25, 29.30)
(17.42, -3.15, 27.94)
(18.14, -4.05, 26.49)
(18.87, -4.95, 24.93)
(19.59, -5.85, 23.27)
(20.32, -6.75, 21.52)
(21.05, -7.65, 19.67)
(21.77, -8.55, 17.72)
(22.50, -9.44, 15.68)
(23.22, -10.34, 13.53)
(23.95, -11.24, 11.29)
(24.67, -12.14, 8.95)
(25.40, -13.04, 6.51)
(26.13, -13.94, 3.97)
(26.85, -14.84, 1.34)
(27.58, -15.74, -1.39)

3. 속도 비율 x 방향 0.04, y 방향 0.93, z 방향 0.03 최종 속력
149km/h
(0.00, 18.44, 33.55)
(0.75, 17.54, 34.47)
(1.49, 16.64, 35.29)
(2.24, 15.74, 36.01)
(2.98, 14.84, 36.63)
(3.73, 13.94, 37.15)
(4.48, 13.04, 37.58)
(5.22, 12.14, 37.91)
(5.97, 11.24, 38.14)
(6.72, 10.34, 38.27)
(7.46, 9.44, 38.31)
(8.21, 8.54, 38.25)
(8.95, 7.64, 38.08)
(9.70, 6.74, 37.82)
(10.45, 5.84, 37.47)
(11.19, 4.93, 37.01)
(11.94, 4.03, 36.46)
(12.69, 3.13, 35.81)
(13.43, 2.23, 35.06)
(14.18, 1.33, 34.21)
(14.92, 0.43, 33.27)
(15.67, -0.47, 32.22)
(16.42, -1.37, 31.08)
(17.16, -2.27, 29.84)
(17.91, -3.17, 28.51)
(18.66, -4.07, 27.07)
(19.40, -4.97, 25.54)
(20.15, -5.87, 23.91)
(20.89, -6.77, 22.18)
(21.64, -7.67, 20.35)
(22.39, -8.57, 18.43)
(23.13, -9.47, 16.40)
(23.88, -10.37, 14.28)
(24.63, -11.27, 12.06)
(25.37, -12.17, 9.74)
(26.12, -13.07, 7.33)
(26.86, -13.97, 4.82)
(27.61, -14.87, 2.20)
(28.36, -15.77, -0.50)

148km/h
(0.00, 18.44, 33.55)
(0.74, 17.54, 34.47)
(1.49, 16.64, 35.28)
(2.23, 15.74, 36.00)
(2.98, 14.84, 36.63)
(3.72, 13.94, 37.15)
(4.47, 13.04, 37.58)
(5.21, 12.14, 37.91)
(5.96, 11.24, 38.14)
(6.70, 10.34, 38.27)
(7.45, 9.44, 38.30)
(8.19, 8.54, 38.24)
(8.94, 7.64, 38.08)
(9.68, 6.73, 37.82)
(10.43, 5.83, 37.46)
(11.17, 4.93, 37.00)
(11.92, 4.03, 36.45)
(12.66, 3.13, 35.80)
(13.41, 2.23, 35.05)
(14.15, 1.33, 34.20)
(14.90, 0.43, 33.26)
(15.64, -0.47, 32.21)
(16.39, -1.37, 31.07)
(17.13, -2.27, 29.83)
(17.88, -3.17, 28.49)
(18.62, -4.07, 27.06)
(19.37, -4.97, 25.52)
(20.11, -5.87, 23.89)
(20.86, -6.77, 22.16)
(21.60, -7.67, 20.33)
(22.35, -8.57, 18.41)
(23.09, -9.47, 16.38)
(23.84, -10.37, 14.26)
(24.58, -11.27, 12.04)
(25.33, -12.17, 9.73)
(26.07, -13.07, 7.31)
(26.82, -13.97, 4.80)
(27.56, -14.88, 2.18)
(28.31, -15.78, -0.53)

147km/h
(0.00, 18.44, 33.55)
(0.74, 17.54, 34.47)
(1.49, 16.64, 35.28)
(2.23, 15.74, 36.00)
(2.97, 14.84, 36.62)
(3.72, 13.94, 37.15)
(4.46, 13.04, 37.57)
(5.21, 12.14, 37.90)
(5.95, 11.24, 38.13)
(6.69, 10.34, 38.26)
(7.44, 9.44, 38.30)
(8.18, 8.53, 38.23)
(8.92, 7.63, 38.07)
(9.67, 6.73, 37.81)
(10.41, 5.83, 37.45)
(11.15, 4.93, 37.00)
(11.90, 4.03, 36.44)
(12.64, 3.13, 35.79)
(13.39, 2.23, 35.04)
(14.13, 1.33, 34.19)
(14.87, 0.43, 33.24)
(15.62, -0.47, 32.20)
(16.36, -1.37, 31.06)
(17.10, -2.27, 29.82)
(17.85, -3.17, 28.48)
(18.59, -4.07, 27.04)
(19.34, -4.97, 25.51)
(20.08, -5.87, 23.88)
(20.82, -6.77, 22.15)
(21.57, -7.67, 20.32)
(22.31, -8.57, 18.39)
(23.05, -9.47, 16.37)
(23.80, -10.38, 14.24)
(24.54, -11.28, 12.02)
(25.28, -12.18, 9.71)
(26.03, -13.08, 7.29)
(26.77, -13.98, 4.78)
(27.52, -14.88, 2.16)
(28.26, -15.78, -0.55)

146km/h
(0.00, 18.44, 33.55)
(0.74, 17.54, 34.47)
(1.48, 16.64, 35.28)
(2.23, 15.74, 36.00)
(2.97, 14.84, 36.62)
(3.71, 13.94, 37.15)
(4.45, 13.04, 37.57)
(5.20, 12.14, 37.90)
(5.94, 11.24, 38.13)
(6.68, 10.34, 38.26)
(7.42, 9.43, 38.29)
(8.17, 8.53, 38.23)
(8.91, 7.63, 38.06)
(9.65, 6.73, 37.80)
(10.39, 5.83, 37.44)
(11.14, 4.93, 36.99)
(11.88, 4.03, 36.43)
(12.62, 3.13, 35.78)
(13.36, 2.23, 35.03)
(14.11, 1.33, 34.18)
(14.85, 0.43, 33.23)
(15.59, -0.47, 32.19)
(16.33, -1.37, 31.05)
(17.07, -2.27, 29.80)
(17.82, -3.17, 28.47)
(18.56, -4.07, 27.03)
(19.30, -4.97, 25.49)
(20.04, -5.87, 23.86)
(20.79, -6.78, 22.13)
(21.53, -7.68, 20.30)
(22.27, -8.58, 18.37)
(23.01, -9.48, 16.35)
(23.76, -10.38, 14.23)
(24.50, -11.28, 12.01)
(25.24, -12.18, 9.69)
(25.98, -13.08, 7.27)
(26.73, -13.98, 4.75)
(27.47, -14.88, 2.14)
(28.21, -15.78, -0.57)

145km/h
(0.00, 18.44, 33.55)
(0.74, 17.54, 34.46)
(1.48, 16.64, 35.28)
(2.22, 15.74, 36.00)
(2.96, 14.84, 36.62)
(3.71, 13.94, 37.14)
(4.45, 13.04, 37.57)
(5.19, 12.14, 37.89)
(5.93, 11.24, 38.12)
(6.67, 10.33, 38.25)
(7.41, 9.43, 38.29)
(8.15, 8.53, 38.22)
(8.89, 7.63, 38.06)
(9.63, 6.73, 37.80)
(10.37, 5.83, 37.44)
(11.12, 4.93, 36.98)
(11.86, 4.03, 36.42)
(12.60, 3.13, 35.77)
(13.34, 2.23, 35.02)
(14.08, 1.33, 34.17)
(14.82, 0.43, 33.22)
(15.56, -0.47, 32.18)
(16.30, -1.37, 31.03)
(17.04, -2.27, 29.79)
(17.79, -3.17, 28.45)
(18.53, -4.08, 27.01)
(19.27, -4.98, 25.48)
(20.01, -5.88, 23.85)
(20.75, -6.78, 22.11)
(21.49, -7.68, 20.28)
(22.23, -8.58, 18.36)
(22.97, -9.48, 16.33)
(23.71, -10.38, 14.21)
(24.46, -11.28, 11.99)
(25.20, -12.18, 9.67)
(25.94, -13.08, 7.25)
(26.68, -13.98, 4.73)
(27.42, -14.88, 2.12)
(28.16, -15.78, -0.59)

144km/h
(0.00, 18.44, 33.55)
(0.74, 17.54, 34.46)
(1.48, 16.64, 35.28)
(2.22, 15.74, 36.00)
(2.96, 14.84, 36.62)
(3.70, 13.94, 37.14)
(4.44, 13.04, 37.56)
(5.18, 12.14, 37.89)
(5.92, 11.23, 38.12)
(6.66, 10.33, 38.25)
(7.40, 9.43, 38.28)
(8.14, 8.53, 38.21)
(8.88, 7.63, 38.05)
(9.62, 6.73, 37.79)
(10.36, 5.83, 37.43)
(11.10, 4.93, 36.97)
(11.84, 4.03, 36.41)
(12.58, 3.13, 35.76)
(13.32, 2.23, 35.01)
(14.06, 1.33, 34.16)
(14.79, 0.43, 33.21)
(15.53, -0.47, 32.16)
(16.27, -1.38, 31.02)
(17.01, -2.28, 29.78)
(17.75, -3.18, 28.44)
(18.49, -4.08, 27.00)
(19.23, -4.98, 25.46)
(19.97, -5.88, 23.83)
(20.71, -6.78, 22.10)
(21.45, -7.68, 20.27)
(22.19, -8.58, 18.34)
(22.93, -9.48, 16.31)
(23.67, -10.38, 14.19)
(24.41, -11.28, 11.97)
(25.15, -12.18, 9.65)
(25.89, -13.08, 7.23)
(26.63, -13.99, 4.71)
(27.37, -14.89, 2.10)
(28.11, -15.79, -0.61)

143km/h
(0.00, 18.44, 33.55)
(0.74, 17.54, 34.46)
(1.48, 16.64, 35.28)
(2.22, 15.74, 36.00)
(2.95, 14.84, 36.62)
(3.69, 13.94, 37.14)
(4.43, 13.04, 37.56)
(5.17, 12.13, 37.89)
(5.91, 11.23, 38.11)
(6.65, 10.33, 38.24)
(7.38, 9.43, 38.27)
(8.12, 8.53, 38.21)
(8.86, 7.63, 38.04)
(9.60, 6.73, 37.78)
(10.34, 5.83, 37.42)
(11.08, 4.93, 36.96)
(11.81, 4.03, 36.40)
(12.55, 3.13, 35.75)
(13.29, 2.23, 35.00)
(14.03, 1.33, 34.15)
(14.77, 0.42, 33.20)
(15.51, -0.48, 32.15)
(16.25, -1.38, 31.01)
(16.98, -2.28, 29.76)
(17.72, -3.18, 28.42)
(18.46, -4.08, 26.98)
(19.20, -4.98, 25.45)
(19.94, -5.88, 23.81)
(20.68, -6.78, 22.08)
(21.41, -7.68, 20.25)
(22.15, -8.58, 18.32)
(22.89, -9.48, 16.30)
(23.63, -10.38, 14.17)
(24.37, -11.29, 11.95)
(25.11, -12.19, 9.63)
(25.84, -13.09, 7.21)
(26.58, -13.99, 4.69)
(27.32, -14.89, 2.08)
(28.06, -15.79, -0.63)

142km/h
(0.00, 18.44, 33.55)
(0.74, 17.54, 34.46)
(1.47, 16.64, 35.28)
(2.21, 15.74, 35.99)
(2.95, 14.84, 36.61)
(3.69, 13.94, 37.13)
(4.42, 13.03, 37.56)
(5.16, 12.13, 37.88)
(5.90, 11.23, 38.11)
(6.63, 10.33, 38.24)
(7.37, 9.43, 38.27)
(8.11, 8.53, 38.20)
(8.85, 7.63, 38.04)
(9.58, 6.73, 37.77)
(10.32, 5.83, 37.41)
(11.06, 4.93, 36.95)
(11.79, 4.03, 36.40)
(12.53, 3.13, 35.74)
(13.27, 2.22, 34.99)
(14.00, 1.32, 34.14)
(14.74, 0.42, 33.19)
(15.48, -0.48, 32.14)
(16.22, -1.38, 30.99)
(16.95, -2.28, 29.75)
(17.69, -3.18, 28.41)
(18.43, -4.08, 26.97)
(19.16, -4.98, 25.43)
(19.90, -5.88, 23.80)
(20.64, -6.78, 22.06)
(21.38, -7.68, 20.23)
(22.11, -8.59, 18.30)
(22.85, -9.49, 16.28)
(23.59, -10.39, 14.15)
(24.32, -11.29, 11.93)
(25.06, -12.19, 9.61)
(25.80, -13.09, 7.19)
(26.54, -13.99, 4.67)
(27.27, -14.89, 2.06)
(28.01, -15.79, -0.66)

141km/h
(0.00, 18.44, 33.55)
(0.74, 17.54, 34.46)
(1.47, 16.64, 35.28)
(2.21, 15.74, 35.99)
(2.94, 14.84, 36.61)
(3.68, 13.94, 37.13)
(4.41, 13.03, 37.55)
(5.15, 12.13, 37.88)
(5.89, 11.23, 38.10)
(6.62, 10.33, 38.23)
(7.36, 9.43, 38.26)
(8.09, 8.53, 38.19)
(8.83, 7.63, 38.03)
(9.56, 6.73, 37.76)
(10.30, 5.83, 37.40)
(11.04, 4.93, 36.94)
(11.77, 4.03, 36.39)
(12.51, 3.12, 35.73)
(13.24, 2.22, 34.98)
(13.98, 1.32, 34.12)
(14.71, 0.42, 33.17)
(15.45, -0.48, 32.13)
(16.19, -1.38, 30.98)
(16.92, -2.28, 29.74)
(17.66, -3.18, 28.40)
(18.39, -4.08, 26.96)
(19.13, -4.98, 25.42)
(19.86, -5.88, 23.78)
(20.60, -6.79, 22.05)
(21.34, -7.69, 20.22)
(22.07, -8.59, 18.29)
(22.81, -9.49, 16.26)
(23.54, -10.39, 14.13)
(24.28, -11.29, 11.91)
(25.02, -12.19, 9.59)
(25.75, -13.09, 7.17)
(26.49, -13.99, 4.65)
(27.22, -14.89, 2.03)
(27.96, -15.79, -0.68)

140km/h
(0.00, 18.44, 33.55)
(0.73, 17.54, 34.46)
(1.47, 16.64, 35.28)
(2.20, 15.74, 35.99)
(2.94, 14.84, 36.61)
(3.67, 13.94, 37.13)
(4.41, 13.03, 37.55)
(5.14, 12.13, 37.87)
(5.88, 11.23, 38.10)
(6.61, 10.33, 38.23)
(7.34, 9.43, 38.26)
(8.08, 8.53, 38.19)
(8.81, 7.63, 38.02)
(9.55, 6.73, 37.76)
(10.28, 5.83, 37.39)
(11.02, 4.93, 36.93)
(11.75, 4.02, 36.38)
(12.48, 3.12, 35.72)
(13.22, 2.22, 34.97)
(13.95, 1.32, 34.11)
(14.69, 0.42, 33.16)
(15.42, -0.48, 32.11)
(16.16, -1.38, 30.97)
(16.89, -2.28, 29.72)
(17.63, -3.18, 28.38)
(18.36, -4.08, 26.94)
(19.09, -4.99, 25.40)
(19.83, -5.89, 23.77)
(20.56, -6.79, 22.03)
(21.30, -7.69, 20.20)
(22.03, -8.59, 18.27)
(22.77, -9.49, 16.24)
(23.50, -10.39, 14.11)
(24.23, -11.29, 11.89)
(24.97, -12.19, 9.57)
(25.70, -13.09, 7.15)
(26.44, -14.00, 4.63)
(27.17, -14.90, 2.01)
(27.91, -15.80, -0.70)

4. 속도 비율 x 방향 0.03, y 방향 0.93, z 방향 0.04 최종 속력
154km/h
(0.00, 18.44, 33.55)
(0.74, 17.54, 34.48)
(1.48, 16.63, 35.32)
(2.22, 15.73, 36.05)
(2.96, 14.83, 36.69)
(3.70, 13.92, 37.23)
(4.44, 13.02, 37.67)
(5.18, 12.11, 38.02)
(5.92, 11.21, 38.27)
(6.66, 10.31, 38.41)
(7.40, 9.40, 38.46)
(8.14, 8.50, 38.42)
(8.88, 7.60, 38.27)
(9.62, 6.69, 38.03)
(10.36, 5.79, 37.69)
(11.10, 4.88, 37.25)
(11.84, 3.98, 36.71)
(12.58, 3.08, 36.07)
(13.32, 2.17, 35.34)
(14.06, 1.27, 34.51)
(14.80, 0.37, 33.58)
(15.54, -0.54, 32.55)
(16.28, -1.44, 31.42)
(17.02, -2.35, 30.20)
(17.76, -3.25, 28.88)
(18.50, -4.15, 27.46)
(19.24, -5.06, 25.94)
(19.98, -5.96, 24.33)
(20.72, -6.86, 22.61)
(21.46, -7.77, 20.80)
(22.20, -8.67, 18.89)
(22.94, -9.57, 16.88)
(23.68, -10.48, 14.78)
(24.41, -11.38, 12.58)
(25.15, -12.29, 10.27)
(25.89, -13.19, 7.87)
(26.63, -14.09, 5.38)
(27.37, -15.00, 2.78)
(28.11, -15.90, 0.09)
(28.85, -16.80, -2.70)

153km/h
(0.00, 18.44, 33.55)
(0.74, 17.54, 34.48)
(1.48, 16.63, 35.32)
(2.22, 15.73, 36.05)
(2.95, 14.82, 36.69)
(3.69, 13.92, 37.23)
(4.43, 13.02, 37.67)
(5.17, 12.11, 38.01)
(5.91, 11.21, 38.26)
(6.65, 10.31, 38.41)
(7.39, 9.40, 38.46)
(8.13, 8.50, 38.41)
(8.86, 7.59, 38.26)
(9.60, 6.69, 38.02)
(10.34, 5.79, 37.68)
(11.08, 4.88, 37.24)
(11.82, 3.98, 36.70)
(12.56, 3.08, 36.06)
(13.30, 2.17, 35.33)
(14.03, 1.27, 34.50)
(14.77, 0.36, 33.57)
(15.51, -0.54, 32.54)
(16.25, -1.44, 31.41)
(16.99, -2.35, 30.19)
(17.73, -3.25, 28.87)
(18.47, -4.15, 27.45)
(19.20, -5.06, 25.93)
(19.94, -5.96, 24.31)
(20.68, -6.87, 22.60)
(21.42, -7.77, 20.78)
(22.16, -8.67, 18.87)
(22.90, -9.58, 16.87)
(23.64, -10.48, 14.76)
(24.38, -11.38, 12.56)
(25.11, -12.29, 10.25)
(25.85, -13.19, 7.85)
(26.59, -14.10, 5.36)
(27.33, -15.00, 2.76)
(28.07, -15.90, 0.06)
(28.81, -16.81, -2.73)

152km/h
(0.00, 18.44, 33.55)
(0.74, 17.54, 34.48)
(1.47, 16.63, 35.31)
(2.21, 15.73, 36.05)
(2.95, 14.82, 36.69)
(3.69, 13.92, 37.23)
(4.42, 13.02, 37.67)
(5.16, 12.11, 38.01)
(5.90, 11.21, 38.26)
(6.64, 10.31, 38.40)
(7.37, 9.40, 38.45)
(8.11, 8.50, 38.40)
(8.85, 7.59, 38.26)
(9.59, 6.69, 38.01)
(10.32, 5.79, 37.67)
(11.06, 4.88, 37.23)
(11.80, 3.98, 36.69)
(12.54, 3.08, 36.05)
(13.27, 2.17, 35.32)
(14.01, 1.27, 34.49)
(14.75, 0.36, 33.55)
(15.49, -0.54, 32.53)
(16.22, -1.44, 31.40)
(16.96, -2.35, 30.17)
(17.70, -3.25, 28.85)
(18.44, -4.16, 27.43)
(19.17, -5.06, 25.91)
(19.91, -5.96, 24.30)
(20.65, -6.87, 22.58)
(21.39, -7.77, 20.77)
(22.12, -8.67, 18.86)
(22.86, -9.58, 16.85)
(23.60, -10.48, 14.74)
(24.34, -11.39, 12.54)
(25.07, -12.29, 10.23)
(25.81, -13.19, 7.83)
(26.55, -14.10, 5.33)
(27.29, -15.00, 2.74)
(28.02, -15.90, 0.04)
(28.76, -16.81, -2.75)

151km/h
(0.00, 18.44, 33.55)
(0.74, 17.54, 34.48)
(1.47, 16.63, 35.31)
(2.21, 15.73, 36.05)
(2.94, 14.82, 36.68)
(3.68, 13.92, 37.22)
(4.42, 13.02, 37.66)
(5.15, 12.11, 38.01)
(5.89, 11.21, 38.25)
(6.63, 10.31, 38.40)
(7.36, 9.40, 38.45)
(8.10, 8.50, 38.40)
(8.83, 7.59, 38.25)
(9.57, 6.69, 38.00)
(10.31, 5.79, 37.66)
(11.04, 4.88, 37.22)
(11.78, 3.98, 36.68)
(12.52, 3.07, 36.04)
(13.25, 2.17, 35.31)
(13.99, 1.27, 34.47)
(14.72, 0.36, 33.54)
(15.46, -0.54, 32.51)
(16.20, -1.44, 31.39)
(16.93, -2.35, 30.16)
(17.67, -3.25, 28.84)
(18.41, -4.16, 27.42)
(19.14, -5.06, 25.90)
(19.88, -5.96, 24.28)
(20.61, -6.87, 22.56)
(21.35, -7.77, 20.75)
(22.09, -8.68, 18.84)
(22.82, -9.58, 16.83)
(23.56, -10.48, 14.72)
(24.30, -11.39, 12.52)
(25.03, -12.29, 10.21)
(25.77, -13.20, 7.81)
(26.50, -14.10, 5.31)
(27.24, -15.00, 2.72)
(27.98, -15.91, 0.02)
(28.71, -16.81, -2.77)

150km/h
(0.00, 18.44, 33.55)
(0.74, 17.54, 34.48)
(1.47, 16.63, 35.31)
(2.21, 15.73, 36.05)
(2.94, 14.82, 36.68)
(3.68, 13.92, 37.22)
(4.41, 13.02, 37.66)
(5.15, 12.11, 38.00)
(5.88, 11.21, 38.25)
(6.62, 10.30, 38.39)
(7.35, 9.40, 38.44)
(8.09, 8.50, 38.39)
(8.82, 7.59, 38.24)
(9.56, 6.69, 38.00)
(10.29, 5.79, 37.65)
(11.03, 4.88, 37.21)
(11.76, 3.98, 36.67)
(12.50, 3.07, 36.03)
(13.23, 2.17, 35.30)
(13.97, 1.27, 34.46)
(14.70, 0.36, 33.53)
(15.44, -0.54, 32.50)
(16.17, -1.45, 31.37)
(16.91, -2.35, 30.15)
(17.64, -3.25, 28.82)
(18.38, -4.16, 27.40)
(19.11, -5.06, 25.88)
(19.85, -5.97, 24.26)
(20.58, -6.87, 22.55)
(21.32, -7.77, 20.73)
(22.05, -8.68, 18.82)
(22.79, -9.58, 16.81)
(23.52, -10.49, 14.70)
(24.26, -11.39, 12.50)
(24.99, -12.29, 10.19)
(25.73, -13.20, 7.79)
(26.46, -14.10, 5.29)
(27.20, -15.00, 2.69)
(27.93, -15.91, -0.00)

149km/h
(0.00, 18.44, 33.55)
(0.73, 17.54, 34.48)
(1.47, 16.63, 35.31)
(2.20, 15.73, 36.04)
(2.94, 14.82, 36.68)
(3.67, 13.92, 37.22)
(4.40, 13.02, 37.66)
(5.14, 12.11, 38.00)
(5.87, 11.21, 38.24)
(6.60, 10.30, 38.39)
(7.34, 9.40, 38.43)
(8.07, 8.50, 38.38)
(8.81, 7.59, 38.24)
(9.54, 6.69, 37.99)
(10.27, 5.78, 37.64)
(11.01, 4.88, 37.20)
(11.74, 3.98, 36.66)
(12.47, 3.07, 36.02)
(13.21, 2.17, 35.29)
(13.94, 1.26, 34.45)
(14.68, 0.36, 33.52)
(15.41, -0.54, 32.49)
(16.14, -1.45, 31.36)
(16.88, -2.35, 30.13)
(17.61, -3.26, 28.81)
(18.34, -4.16, 27.39)
(19.08, -5.06, 25.87)
(19.81, -5.97, 24.25)
(20.55, -6.87, 22.53)
(21.28, -7.78, 20.72)
(22.01, -8.68, 18.80)
(22.75, -9.58, 16.79)
(23.48, -10.49, 14.68)
(24.21, -11.39, 12.48)
(24.95, -12.30, 10.17)
(25.68, -13.20, 7.77)
(26.42, -14.10, 5.27)
(27.15, -15.01, 2.67)
(27.88, -15.91, -0.02)

148km/h
(0.00, 18.44, 33.55)
(0.73, 17.54, 34.48)
(1.47, 16.63, 35.31)
(2.20, 15.73, 36.04)
(2.93, 14.82, 36.68)
(3.66, 13.92, 37.21)
(4.40, 13.02, 37.65)
(5.13, 12.11, 37.99)
(5.86, 11.21, 38.24)
(6.59, 10.30, 38.38)
(7.33, 9.40, 38.43)
(8.06, 8.50, 38.38)
(8.79, 7.59, 38.23)
(9.52, 6.69, 37.98)
(10.26, 5.78, 37.64)
(10.99, 4.88, 37.19)
(11.72, 3.98, 36.65)
(12.45, 3.07, 36.01)
(13.19, 2.17, 35.28)
(13.92, 1.26, 34.44)
(14.65, 0.36, 33.51)
(15.38, -0.54, 32.48)
(16.12, -1.45, 31.35)
(16.85, -2.35, 30.12)
(17.58, -3.26, 28.79)
(18.31, -4.16, 27.37)
(19.05, -5.06, 25.85)
(19.78, -5.97, 24.23)
(20.51, -6.87, 22.51)
(21.24, -7.78, 20.70)
(21.98, -8.68, 18.79)
(22.71, -9.59, 16.77)
(23.44, -10.49, 14.67)
(24.17, -11.39, 12.46)
(24.91, -12.30, 10.15)
(25.64, -13.20, 7.75)
(26.37, -14.11, 5.25)
(27.10, -15.01, 2.65)
(27.84, -15.91, -0.05)

147km/h
(0.00, 18.44, 33.55)
(0.73, 17.54, 34.48)
(1.46, 16.63, 35.31)
(2.19, 15.73, 36.04)
(2.93, 14.82, 36.68)
(3.66, 13.92, 37.21)
(4.39, 13.02, 37.65)
(5.12, 12.11, 37.99)
(5.85, 11.21, 38.23)
(6.58, 10.30, 38.38)
(7.31, 9.40, 38.42)
(8.04, 8.49, 38.37)
(8.78, 7.59, 38.22)
(9.51, 6.69, 37.97)
(10.24, 5.78, 37.63)
(10.97, 4.88, 37.18)
(11.70, 3.97, 36.64)
(12.43, 3.07, 36.00)
(13.16, 2.17, 35.26)
(13.89, 1.26, 34.43)
(14.63, 0.36, 33.50)
(15.36, -0.55, 32.46)
(16.09, -1.45, 31.33)
(16.82, -2.35, 30.11)
(17.55, -3.26, 28.78)
(18.28, -4.16, 27.36)
(19.01, -5.07, 25.83)
(19.74, -5.97, 24.21)
(20.48, -6.87, 22.50)
(21.21, -7.78, 20.68)
(21.94, -8.68, 18.77)
(22.67, -9.59, 16.76)
(23.40, -10.49, 14.65)
(24.13, -11.40, 12.44)
(24.86, -12.30, 10.13)
(25.60, -13.20, 7.73)
(26.33, -14.11, 5.23)
(27.06, -15.01, 2.63)
(27.79, -15.92, -0.07)

146km/h
(0.00, 18.44, 33.55)
(0.73, 17.54, 34.48)
(1.46, 16.63, 35.31)
(2.19, 15.73, 36.04)
(2.92, 14.82, 36.67)
(3.65, 13.92, 37.21)
(4.38, 13.02, 37.65)
(5.11, 12.11, 37.99)
(5.84, 11.21, 38.23)
(6.57, 10.30, 38.37)
(7.30, 9.40, 38.42)
(8.03, 8.49, 38.36)
(8.76, 7.59, 38.21)
(9.49, 6.69, 37.97)
(10.22, 5.78, 37.62)
(10.95, 4.88, 37.17)
(11.68, 3.97, 36.63)
(12.41, 3.07, 35.99)
(13.14, 2.17, 35.25)
(13.87, 1.26, 34.42)
(14.60, 0.36, 33.48)
(15.33, -0.55, 32.45)
(16.06, -1.45, 31.32)
(16.79, -2.36, 30.09)
(17.52, -3.26, 28.77)
(18.25, -4.16, 27.34)
(18.98, -5.07, 25.82)
(19.71, -5.97, 24.20)
(20.44, -6.88, 22.48)
(21.17, -7.78, 20.66)
(21.90, -8.68, 18.75)
(22.63, -9.59, 16.74)
(23.36, -10.49, 14.63)
(24.09, -11.40, 12.42)
(24.82, -12.30, 10.11)
(25.55, -13.21, 7.71)
(26.28, -14.11, 5.21)
(27.01, -15.01, 2.60)
(27.74, -15.92, -0.09)

145km/h
(0.00, 18.44, 33.55)
(0.73, 17.54, 34.48)
(1.46, 16.63, 35.31)
(2.19, 15.73, 36.04)
(2.92, 14.82, 36.67)
(3.64, 13.92, 37.21)
(4.37, 13.01, 37.64)
(5.10, 12.11, 37.98)
(5.83, 11.21, 38.22)
(6.56, 10.30, 38.37)
(7.29, 9.40, 38.41)
(8.02, 8.49, 38.36)
(8.75, 7.59, 38.21)
(9.47, 6.69, 37.96)
(10.20, 5.78, 37.61)
(10.93, 4.88, 37.17)
(11.66, 3.97, 36.62)
(12.39, 3.07, 35.98)
(13.12, 2.16, 35.24)
(13.85, 1.26, 34.41)
(14.58, 0.36, 33.47)
(15.30, -0.55, 32.44)
(16.03, -1.45, 31.31)
(16.76, -2.36, 30.08)
(17.49, -3.26, 28.75)
(18.22, -4.17, 27.33)
(18.95, -5.07, 25.80)
(19.68, -5.97, 24.18)
(20.41, -6.88, 22.46)
(21.13, -7.78, 20.65)
(21.86, -8.69, 18.73)
(22.59, -9.59, 16.72)
(23.32, -10.49, 14.61)
(24.05, -11.40, 12.40)
(24.78, -12.30, 10.09)
(25.51, -13.21, 7.69)
(26.24, -14.11, 5.18)
(26.96, -15.02, 2.58)
(27.69, -15.92, -0.12)

5. 속도 비율 x 방향 0.04, y 방향 0.89, z 방향 0.07 최종 속력
145km/h
(0.00, 18.44, 33.55)
(0.74, 17.54, 34.48)
(1.48, 16.63, 35.31)
(2.22, 15.73, 36.04)
(2.96, 14.83, 36.67)
(3.70, 13.93, 37.20)
(4.44, 13.02, 37.64)
(5.18, 12.12, 37.98)
(5.92, 11.22, 38.22)
(6.66, 10.32, 38.36)
(7.39, 9.41, 38.41)
(8.13, 8.51, 38.35)
(8.87, 7.61, 38.20)
(9.61, 6.70, 37.95)
(10.35, 5.80, 37.60)
(11.09, 4.90, 37.16)
(11.83, 4.00, 36.61)
(12.57, 3.09, 35.97)
(13.31, 2.19, 35.23)
(14.05, 1.29, 34.40)
(14.79, 0.38, 33.46)
(15.53, -0.52, 32.43)
(16.27, -1.42, 31.30)
(17.01, -2.32, 30.07)
(17.75, -3.23, 28.74)
(18.49, -4.13, 27.31)
(19.23, -5.03, 25.79)
(19.97, -5.93, 24.17)
(20.71, -6.84, 22.45)
(21.44, -7.74, 20.63)
(22.18, -8.64, 18.72)
(22.92, -9.55, 16.70)
(23.66, -10.45, 14.59)
(24.40, -11.35, 12.38)
(25.14, -12.25, 10.07)
(25.88, -13.16, 7.67)
(26.62, -14.06, 5.17)
(27.36, -14.96, 2.56)
(28.10, -15.87, -0.14)

144km/h
(0.00, 18.44, 33.55)
(0.74, 17.54, 34.48)
(1.48, 16.63, 35.30)
(2.21, 15.73, 36.03)
(2.95, 14.83, 36.67)
(3.69, 13.93, 37.20)
(4.43, 13.02, 37.64)
(5.17, 12.12, 37.97)
(5.91, 11.22, 38.21)
(6.64, 10.31, 38.36)
(7.38, 9.41, 38.40)
(8.12, 8.51, 38.35)
(8.86, 7.61, 38.19)
(9.60, 6.70, 37.94)
(10.33, 5.80, 37.59)
(11.07, 4.90, 37.15)
(11.81, 3.99, 36.60)
(12.55, 3.09, 35.96)
(13.29, 2.19, 35.22)
(14.02, 1.29, 34.38)
(14.76, 0.38, 33.45)
(15.50, -0.52, 32.41)
(16.24, -1.42, 31.28)
(16.98, -2.33, 30.05)
(17.72, -3.23, 28.72)
(18.45, -4.13, 27.30)
(19.19, -5.03, 25.77)
(19.93, -5.94, 24.15)
(20.67, -6.84, 22.43)
(21.41, -7.74, 20.61)
(22.14, -8.64, 18.70)
(22.88, -9.55, 16.68)
(23.62, -10.45, 14.57)
(24.36, -11.35, 12.36)
(25.10, -12.26, 10.05)
(25.84, -13.16, 7.65)
(26.57, -14.06, 5.14)
(27.31, -14.96, 2.54)
(28.05, -15.87, -0.16)

143km/h
(0.00, 18.44, 33.55)
(0.74, 17.54, 34.48)
(1.47, 16.63, 35.30)
(2.21, 15.73, 36.03)
(2.95, 14.83, 36.66)
(3.68, 13.93, 37.20)
(4.42, 13.02, 37.63)
(5.16, 12.12, 37.97)
(5.89, 11.22, 38.21)
(6.63, 10.31, 38.35)
(7.37, 9.41, 38.39)
(8.11, 8.51, 38.34)
(8.84, 7.61, 38.19)
(9.58, 6.70, 37.93)
(10.32, 5.80, 37.59)
(11.05, 4.90, 37.14)
(11.79, 3.99, 36.59)
(12.53, 3.09, 35.95)
(13.26, 2.19, 35.21)
(14.00, 1.28, 34.37)
(14.74, 0.38, 33.44)
(15.47, -0.52, 32.40)
(16.21, -1.42, 31.27)
(16.95, -2.33, 30.04)
(17.68, -3.23, 28.71)
(18.42, -4.13, 27.28)
(19.16, -5.04, 25.76)
(19.89, -5.94, 24.14)
(20.63, -6.84, 22.41)
(21.37, -7.74, 20.60)
(22.10, -8.65, 18.68)
(22.84, -9.55, 16.66)
(23.58, -10.45, 14.55)
(24.32, -11.36, 12.34)
(25.05, -12.26, 10.03)
(25.79, -13.16, 7.63)
(26.53, -14.06, 5.12)
(27.26, -14.97, 2.52)
(28.00, -15.87, -0.18)

142km/h
(0.00, 18.44, 33.55)
(0.74, 17.54, 34.47)
(1.47, 16.63, 35.30)
(2.21, 15.73, 36.03)
(2.94, 14.83, 36.66)
(3.68, 13.93, 37.19)
(4.41, 13.02, 37.63)
(5.15, 12.12, 37.96)
(5.88, 11.22, 38.20)
(6.62, 10.31, 38.34)
(7.35, 9.41, 38.39)
(8.09, 8.51, 38.33)
(8.83, 7.60, 38.18)
(9.56, 6.70, 37.93)
(10.30, 5.80, 37.58)
(11.03, 4.90, 37.13)
(11.77, 3.99, 36.58)
(12.50, 3.09, 35.94)
(13.24, 2.19, 35.20)
(13.97, 1.28, 34.36)
(14.71, 0.38, 33.42)
(15.45, -0.52, 32.39)
(16.18, -1.43, 31.25)
(16.92, -2.33, 30.02)
(17.65, -3.23, 28.69)
(18.39, -4.13, 27.27)
(19.12, -5.04, 25.74)
(19.86, -5.94, 24.12)
(20.59, -6.84, 22.40)
(21.33, -7.75, 20.58)
(22.06, -8.65, 18.66)
(22.80, -9.55, 16.64)
(23.54, -10.45, 14.53)
(24.27, -11.36, 12.32)
(25.01, -12.26, 10.01)
(25.74, -13.16, 7.60)
(26.48, -14.07, 5.10)
(27.21, -14.97, 2.49)
(27.95, -15.87, -0.21)

141km/h
(0.00, 18.44, 33.55)
(0.73, 17.54, 34.47)
(1.47, 16.63, 35.30)
(2.20, 15.73, 36.03)
(2.94, 14.83, 36.66)
(3.67, 13.92, 37.19)
(4.40, 13.02, 37.62)
(5.14, 12.12, 37.96)
(5.87, 11.22, 38.20)
(6.61, 10.31, 38.34)
(7.34, 9.41, 38.38)
(8.08, 8.51, 38.32)
(8.81, 7.60, 38.17)
(9.54, 6.70, 37.92)
(10.28, 5.80, 37.57)
(11.01, 4.89, 37.12)
(11.75, 3.99, 36.57)
(12.48, 3.09, 35.93)
(13.21, 2.19, 35.19)
(13.95, 1.28, 34.35)
(14.68, 0.38, 33.41)
(15.42, -0.52, 32.37)
(16.15, -1.43, 31.24)
(16.89, -2.33, 30.01)
(17.62, -3.23, 28.68)
(18.35, -4.14, 27.25)
(19.09, -5.04, 25.72)
(19.82, -5.94, 24.10)
(20.56, -6.84, 22.38)
(21.29, -7.75, 20.56)
(22.02, -8.65, 18.64)
(22.76, -9.55, 16.63)
(23.49, -10.46, 14.51)
(24.23, -11.36, 12.30)
(24.96, -12.26, 9.99)
(25.69, -13.17, 7.58)
(26.43, -14.07, 5.08)
(27.16, -14.97, 2.47)
(27.90, -15.88, -0.23)

140km/h
(0.00, 18.44, 33.55)
(0.73, 17.54, 34.47)
(1.47, 16.63, 35.30)
(2.20, 15.73, 36.03)
(2.93, 14.83, 36.66)
(3.66, 13.92, 37.19)
(4.40, 13.02, 37.62)
(5.13, 12.12, 37.96)
(5.86, 11.22, 38.19)
(6.59, 10.31, 38.33)
(7.33, 9.41, 38.37)
(8.06, 8.51, 38.32)
(8.79, 7.60, 38.16)
(9.53, 6.70, 37.91)
(10.26, 5.80, 37.56)
(10.99, 4.89, 37.11)
(11.72, 3.99, 36.56)
(12.46, 3.09, 35.92)
(13.19, 2.18, 35.18)
(13.92, 1.28, 34.34)
(14.66, 0.38, 33.40)
(15.39, -0.53, 32.36)
(16.12, -1.43, 31.23)
(16.85, -2.33, 29.99)
(17.59, -3.23, 28.66)
(18.32, -4.14, 27.23)
(19.05, -5.04, 25.71)
(19.78, -5.94, 24.08)
(20.52, -6.85, 22.36)
(21.25, -7.75, 20.54)
(21.98, -8.65, 18.62)
(22.72, -9.56, 16.61)
(23.45, -10.46, 14.49)
(24.18, -11.36, 12.28)
(24.91, -12.27, 9.97)
(25.65, -13.17, 7.56)
(26.38, -14.07, 5.05)
(27.11, -14.97, 2.45)
(27.85, -15.88, -0.25)

139km/h
(0.00, 18.44, 33.55)
(0.73, 17.54, 34.47)
(1.46, 16.63, 35.30)
(2.19, 15.73, 36.02)
(2.93, 14.83, 36.65)
(3.66, 13.92, 37.18)
(4.39, 13.02, 37.62)
(5.12, 12.12, 37.95)
(5.85, 11.21, 38.19)
(6.58, 10.31, 38.33)
(7.31, 9.41, 38.37)
(8.05, 8.51, 38.31)
(8.78, 7.60, 38.16)
(9.51, 6.70, 37.90)
(10.24, 5.80, 37.55)
(10.97, 4.89, 37.10)
(11.70, 3.99, 36.55)
(12.43, 3.09, 35.91)
(13.17, 2.18, 35.17)
(13.90, 1.28, 34.32)
(14.63, 0.38, 33.39)
(15.36, -0.53, 32.35)
(16.09, -1.43, 31.21)
(16.82, -2.33, 29.98)
(17.55, -3.24, 28.65)
(18.29, -4.14, 27.22)
(19.02, -5.04, 25.69)
(19.75, -5.95, 24.07)
(20.48, -6.85, 22.34)
(21.21, -7.75, 20.52)
(21.94, -8.66, 18.60)
(22.67, -9.56, 16.59)
(23.41, -10.46, 14.47)
(24.14, -11.36, 12.26)
(24.87, -12.27, 9.95)
(25.60, -13.17, 7.54)
(26.33, -14.07, 5.03)
(27.06, -14.98, 2.42)
(27.79, -15.88, -0.28)

138km/h
(0.00, 18.44, 33.55)
(0.73, 17.54, 34.47)
(1.46, 16.63, 35.30)
(2.19, 15.73, 36.02)
(2.92, 14.83, 36.65)
(3.65, 13.92, 37.18)
(4.38, 13.02, 37.61)
(5.11, 12.12, 37.95)
(5.84, 11.21, 38.18)
(6.57, 10.31, 38.32)
(7.30, 9.41, 38.36)
(8.03, 8.50, 38.30)
(8.76, 7.60, 38.15)
(9.49, 6.70, 37.89)
(10.22, 5.79, 37.54)
(10.95, 4.89, 37.09)
(11.68, 3.99, 36.54)
(12.41, 3.08, 35.90)
(13.14, 2.18, 35.15)
(13.87, 1.28, 34.31)
(14.60, 0.38, 33.37)
(15.33, -0.53, 32.33)
(16.06, -1.43, 31.20)
(16.79, -2.33, 29.96)
(17.52, -3.24, 28.63)
(18.25, -4.14, 27.20)
(18.98, -5.04, 25.67)
(19.71, -5.95, 24.05)
(20.44, -6.85, 22.32)
(21.17, -7.75, 20.50)
(21.90, -8.66, 18.58)
(22.63, -9.56, 16.57)
(23.36, -10.46, 14.45)
(24.09, -11.37, 12.24)
(24.82, -12.27, 9.92)
(25.55, -13.17, 7.51)
(26.28, -14.08, 5.01)
(27.01, -14.98, 2.40)
(27.74, -15.88, -0.30)

137km/h
(0.00, 18.44, 33.55)
(-173.66, 1267.93, 32.84)
(-347.31, 2517.43, 32.02)
(-520.97, 3766.92, 31.11)
(-694.62, 5016.42, 30.10)
(-868.28, 6265.91, 29.00)
(-1041.93, 7515.40, 27.79)
(-1215.59, 8764.90, 26.49)
(-1389.24, 10014.39, 25.09)
(-1562.90, 11263.88, 23.59)
(-1736.55, 12513.38, 22.00)
(-1910.21, 13762.87, 20.30)
(-2083.86, 15012.37, 18.51)
(-2257.52, 16261.86, 16.62)
(-2431.17, 17511.35, 14.63)
(-2604.83, 18760.85, 12.54)
(-2778.48, 20010.34, 10.36)
(-2952.14, 21259.84, 8.08)
(-3125.79, 22509.33, 5.70)
(-3299.45, 23758.82, 3.22)
(-3473.10, 25008.32, 0.64)
(-3646.76, 26257.81, -2.03)

136km/h
(0.00, 18.44, 33.55)
(-172.36, 1251.06, 33.06)
(-344.73, 2483.68, 32.47)
(-517.09, 3716.30, 31.78)
(-689.46, 4948.92, 31.00)
(-861.82, 6181.54, 30.11)
(-1034.19, 7414.16, 29.13)
(-1206.55, 8646.79, 28.05)
(-1378.92, 9879.41, 26.88)
(-1551.28, 11112.03, 25.60)
(-1723.64, 12344.65, 24.23)
(-1896.01, 13577.27, 22.76)
(-2068.37, 14809.89, 21.19)
(-2240.74, 16042.51, 19.52)
(-2413.10, 17275.13, 17.76)
(-2585.47, 18507.75, 15.89)
(-2757.83, 19740.37, 13.93)
(-2930.19, 20972.99, 11.87)
(-3102.56, 22205.61, 9.72)
(-3274.92, 23438.23, 7.46)
(-3447.29, 24670.85, 5.11)
(-3619.65, 25903.48, 2.66)
(-3792.02, 27136.10, 0.11)
(-3964.38, 28368.72, -2.54)

6. 속도 비율 x 방향 0.05, y 방향 0.91, z 방향 0.04 최종 속력
152km/h
(0.00, 18.44, 33.55)
(0.76, 17.54, 34.48)
(1.52, 16.64, 35.31)
(2.28, 15.74, 36.05)
(3.04, 14.84, 36.68)
(3.80, 13.94, 37.22)
(4.56, 13.03, 37.66)
(5.32, 12.13, 38.00)
(6.08, 11.23, 38.25)
(6.84, 10.33, 38.39)
(7.60, 9.43, 38.44)
(8.36, 8.53, 38.39)
(9.12, 7.63, 38.25)
(9.87, 6.73, 38.00)
(10.63, 5.83, 37.66)
(11.39, 4.93, 37.21)
(12.15, 4.02, 36.67)
(12.91, 3.12, 36.04)
(13.67, 2.22, 35.30)
(14.43, 1.32, 34.47)
(15.19, 0.42, 33.54)
(15.95, -0.48, 32.51)
(16.71, -1.38, 31.38)
(17.47, -2.28, 30.15)
(18.23, -3.18, 28.83)
(18.99, -4.08, 27.41)
(19.75, -4.99, 25.89)
(20.51, -5.89, 24.27)
(21.27, -6.79, 22.55)
(22.03, -7.69, 20.74)
(22.79, -8.59, 18.83)
(23.55, -9.49, 16.82)
(24.31, -10.39, 14.71)
(25.07, -11.29, 12.51)
(25.83, -12.19, 10.20)
(26.59, -13.09, 7.80)
(27.35, -14.00, 5.30)
(28.11, -14.90, 2.70)
(28.86, -15.80, 0.01)
(29.62, -16.70, -2.79)

151km/h
(0.00, 18.44, 33.55)
(0.76, 17.54, 34.48)
(1.52, 16.64, 35.31)
(2.27, 15.74, 36.05)
(3.03, 14.84, 36.68)
(3.79, 13.93, 37.22)
(4.55, 13.03, 37.66)
(5.31, 12.13, 38.00)
(6.07, 11.23, 38.24)
(6.82, 10.33, 38.39)
(7.58, 9.43, 38.44)
(8.34, 8.53, 38.39)
(9.10, 7.63, 38.24)
(9.86, 6.73, 37.99)
(10.62, 5.83, 37.65)
(11.37, 4.92, 37.21)
(12.13, 4.02, 36.67)
(12.89, 3.12, 36.03)
(13.65, 2.22, 35.29)
(14.41, 1.32, 34.46)
(15.17, 0.42, 33.52)
(15.92, -0.48, 32.49)
(16.68, -1.38, 31.37)
(17.44, -2.28, 30.14)
(18.20, -3.18, 28.81)
(18.96, -4.09, 27.39)
(19.72, -4.99, 25.87)
(20.47, -5.89, 24.25)
(21.23, -6.79, 22.54)
(21.99, -7.69, 20.72)
(22.75, -8.59, 18.81)
(23.51, -9.49, 16.80)
(24.27, -10.39, 14.69)
(25.02, -11.29, 12.49)
(25.78, -12.19, 10.18)
(26.54, -13.10, 7.78)
(27.30, -14.00, 5.28)
(28.06, -14.90, 2.68)
(28.82, -15.80, -0.02)

150km/h
(0.00, 18.44, 33.55)
(0.76, 17.54, 34.48)
(1.51, 16.64, 35.31)
(2.27, 15.74, 36.04)
(3.03, 14.84, 36.68)
(3.79, 13.93, 37.22)
(4.54, 13.03, 37.65)
(5.30, 12.13, 38.00)
(6.06, 11.23, 38.24)
(6.81, 10.33, 38.38)
(7.57, 9.43, 38.43)
(8.33, 8.53, 38.38)
(9.08, 7.63, 38.23)
(9.84, 6.73, 37.98)
(10.60, 5.82, 37.64)
(11.36, 4.92, 37.20)
(12.11, 4.02, 36.66)
(12.87, 3.12, 36.02)
(13.63, 2.22, 35.28)
(14.38, 1.32, 34.45)
(15.14, 0.42, 33.51)
(15.90, -0.48, 32.48)
(16.65, -1.38, 31.35)
(17.41, -2.28, 30.13)
(18.17, -3.19, 28.80)
(18.93, -4.09, 27.38)
(19.68, -4.99, 25.86)
(20.44, -5.89, 24.24)
(21.20, -6.79, 22.52)
(21.95, -7.69, 20.71)
(22.71, -8.59, 18.79)
(23.47, -9.49, 16.78)
(24.22, -10.39, 14.67)
(24.98, -11.30, 12.47)
(25.74, -12.20, 10.16)
(26.50, -13.10, 7.76)
(27.25, -14.00, 5.26)
(28.01, -14.90, 2.66)
(28.77, -15.80, -0.04)

149km/h
(0.00, 18.44, 33.55)
(0.76, 17.54, 34.48)
(1.51, 16.64, 35.31)
(2.27, 15.74, 36.04)
(3.02, 14.84, 36.68)
(3.78, 13.93, 37.21)
(4.53, 13.03, 37.65)
(5.29, 12.13, 37.99)
(6.05, 11.23, 38.23)
(6.80, 10.33, 38.38)
(7.56, 9.43, 38.43)
(8.31, 8.53, 38.37)
(9.07, 7.63, 38.22)
(9.82, 6.73, 37.98)
(10.58, 5.82, 37.63)
(11.34, 4.92, 37.19)
(12.09, 4.02, 36.65)
(12.85, 3.12, 36.01)
(13.60, 2.22, 35.27)
(14.36, 1.32, 34.43)
(15.11, 0.42, 33.50)
(15.87, -0.48, 32.47)
(16.63, -1.38, 31.34)
(17.38, -2.29, 30.11)
(18.14, -3.19, 28.79)
(18.89, -4.09, 27.36)
(19.65, -4.99, 25.84)
(20.40, -5.89, 24.22)
(21.16, -6.79, 22.50)
(21.91, -7.69, 20.69)
(22.67, -8.59, 18.78)
(23.43, -9.50, 16.76)
(24.18, -10.40, 14.65)
(24.94, -11.30, 12.45)
(25.69, -12.20, 10.14)
(26.45, -13.10, 7.74)
(27.20, -14.00, 5.24)
(27.96, -14.90, 2.64)
(28.72, -15.80, -0.06)

148km/h
(0.00, 18.44, 33.55)
(0.75, 17.54, 34.48)
(1.51, 16.64, 35.31)
(2.26, 15.74, 36.04)
(3.02, 14.84, 36.67)
(3.77, 13.93, 37.21)
(4.53, 13.03, 37.65)
(5.28, 12.13, 37.99)
(6.03, 11.23, 38.23)
(6.79, 10.33, 38.37)
(7.54, 9.43, 38.42)
(8.30, 8.53, 38.37)
(9.05, 7.63, 38.22)
(9.81, 6.72, 37.97)
(10.56, 5.82, 37.62)
(11.32, 4.92, 37.18)
(12.07, 4.02, 36.64)
(12.82, 3.12, 36.00)
(13.58, 2.22, 35.26)
(14.33, 1.32, 34.42)
(15.09, 0.42, 33.49)
(15.84, -0.48, 32.46)
(16.60, -1.39, 31.33)
(17.35, -2.29, 30.10)
(18.10, -3.19, 28.77)
(18.86, -4.09, 27.35)
(19.61, -4.99, 25.83)
(20.37, -5.89, 24.21)
(21.12, -6.79, 22.49)
(21.88, -7.69, 20.67)
(22.63, -8.60, 18.76)
(23.39, -9.50, 16.74)
(24.14, -10.40, 14.63)
(24.89, -11.30, 12.43)
(25.65, -12.20, 10.12)
(26.40, -13.10, 7.72)
(27.16, -14.00, 5.21)
(27.91, -14.90, 2.61)
(28.67, -15.81, -0.08)

147km/h
(0.00, 18.44, 33.55)
(0.75, 17.54, 34.48)
(1.51, 16.64, 35.31)
(2.26, 15.74, 36.04)
(3.01, 14.84, 36.67)
(3.77, 13.93, 37.21)
(4.52, 13.03, 37.64)
(5.27, 12.13, 37.98)
(6.02, 11.23, 38.22)
(6.78, 10.33, 38.37)
(7.53, 9.43, 38.41)
(8.28, 8.53, 38.36)
(9.04, 7.63, 38.21)
(9.79, 6.72, 37.96)
(10.54, 5.82, 37.61)
(11.30, 4.92, 37.17)
(12.05, 4.02, 36.63)
(12.80, 3.12, 35.99)
(13.55, 2.22, 35.25)
(14.31, 1.32, 34.41)
(15.06, 0.42, 33.48)
(15.81, -0.49, 32.44)
(16.57, -1.39, 31.31)
(17.32, -2.29, 30.08)
(18.07, -3.19, 28.76)
(18.83, -4.09, 27.33)
(19.58, -4.99, 25.81)
(20.33, -5.89, 24.19)
(21.08, -6.79, 22.47)
(21.84, -7.70, 20.65)
(22.59, -8.60, 18.74)
(23.34, -9.50, 16.73)
(24.10, -10.40, 14.62)
(24.85, -11.30, 12.41)
(25.60, -12.20, 10.10)
(26.36, -13.10, 7.70)
(27.11, -14.00, 5.19)
(27.86, -14.91, 2.59)
(28.61, -15.81, -0.11)

146km/h
(0.00, 18.44, 33.55)
(0.75, 17.54, 34.48)
(1.50, 16.64, 35.31)
(2.26, 15.74, 36.04)
(3.01, 14.83, 36.67)
(3.76, 13.93, 37.20)
(4.51, 13.03, 37.64)
(5.26, 12.13, 37.98)
(6.01, 11.23, 38.22)
(6.77, 10.33, 38.36)
(7.52, 9.43, 38.41)
(8.27, 8.53, 38.35)
(9.02, 7.62, 38.20)
(9.77, 6.72, 37.95)
(10.52, 5.82, 37.61)
(11.28, 4.92, 37.16)
(12.03, 4.02, 36.62)
(12.78, 3.12, 35.98)
(13.53, 2.22, 35.24)
(14.28, 1.32, 34.40)
(15.03, 0.41, 33.46)
(15.79, -0.49, 32.43)
(16.54, -1.39, 31.30)
(17.29, -2.29, 30.07)
(18.04, -3.19, 28.74)
(18.79, -4.09, 27.32)
(19.54, -4.99, 25.79)
(20.30, -5.90, 24.17)
(21.05, -6.80, 22.45)
(21.80, -7.70, 20.64)
(22.55, -8.60, 18.72)
(23.30, -9.50, 16.71)
(24.05, -10.40, 14.60)
(24.81, -11.30, 12.39)
(25.56, -12.20, 10.08)
(26.31, -13.11, 7.67)
(27.06, -14.01, 5.17)
(27.81, -14.91, 2.57)
(28.56, -15.81, -0.13)

145km/h
(0.00, 18.44, 33.55)
(-169.10, 1348.12, 32.69)
(-338.19, 2677.81, 31.74)
(-507.29, 4007.49, 30.69)
(-676.38, 5337.18, 29.54)
(-845.48, 6666.86, 28.29)
(-1014.57, 7996.55, 26.95)
(-1183.67, 9326.23, 25.50)
(-1352.76, 10655.92, 23.96)
(-1521.86, 11985.60, 22.32)
(-1690.95, 13315.29, 20.59)
(-1860.05, 14644.97, 18.75)
(-2029.14, 15974.66, 16.82)
(-2198.24, 17304.34, 14.78)
(-2367.34, 18634.02, 12.66)
(-2536.43, 19963.71, 10.43)
(-2705.53, 21293.39, 8.10)
(-2874.62, 22623.08, 5.68)
(-3043.72, 23952.76, 3.16)
(-3212.81, 25282.45, 0.54)
(-3381.91, 26612.13, -2.18)

144km/h
(0.00, 18.44, 33.55)
(-168.04, 1331.53, 32.87)
(-336.08, 2644.62, 32.09)
(-504.12, 3957.71, 31.22)
(-672.16, 5270.80, 30.24)
(-840.20, 6583.89, 29.17)
(-1008.24, 7896.98, 28.00)
(-1176.28, 9210.08, 26.73)
(-1344.33, 10523.17, 25.37)
(-1512.37, 11836.26, 23.90)
(-1680.41, 13149.35, 22.34)
(-1848.45, 14462.44, 20.68)
(-2016.49, 15775.53, 18.92)
(-2184.53, 17088.62, 17.07)
(-2352.57, 18401.71, 15.11)
(-2520.61, 19714.80, 13.06)
(-2688.65, 21027.89, 10.91)
(-2856.69, 22340.98, 8.66)
(-3024.73, 23654.07, 6.32)
(-3192.77, 24967.16, 3.87)
(-3360.81, 26280.26, 1.33)
(-3528.85, 27593.35, -1.31)

143km/h
(0.00, 18.44, 33.55)
(-166.97, 1314.93, 33.05)
(-333.95, 2611.42, 32.45)
(-500.92, 3907.91, 31.76)
(-667.89, 5204.40, 30.96)
(-834.86, 6500.89, 30.07)
(-1001.84, 7797.38, 29.08)
(-1168.81, 9093.87, 28.00)
(-1335.78, 10390.36, 26.81)
(-1502.75, 11686.85, 25.53)
(-1669.73, 12983.34, 24.15)
(-1836.70, 14279.83, 22.67)
(-2003.67, 15576.32, 21.09)
(-2170.64, 16872.81, 19.41)
(-2337.62, 18169.30, 17.64)
(-2504.59, 19465.79, 15.77)
(-2671.56, 20762.28, 13.80)
(-2838.53, 22058.77, 11.73)
(-3005.51, 23355.26, 9.57)
(-3172.48, 24651.75, 7.30)
(-3339.45, 25948.23, 4.94)
(-3506.42, 27244.72, 2.48)
(-3673.40, 28541.21, -0.08)

7. 속도 비율 x 방향 0.07, y 방향 0.83, z 방향 0.10 최종 속력
153km/h
(0.00, 18.44, 33.55)
(0.73, 17.54, 34.46)
(1.46, 16.64, 35.27)
(2.19, 15.74, 35.98)
(2.92, 14.84, 36.59)
(3.66, 13.94, 37.11)
(4.39, 13.03, 37.53)
(5.12, 12.13, 37.85)
(5.85, 11.23, 38.07)
(6.58, 10.33, 38.20)
(7.31, 9.43, 38.22)
(8.04, 8.53, 38.15)
(8.77, 7.63, 37.98)
(9.50, 6.73, 37.71)
(10.24, 5.83, 37.35)
(10.97, 4.93, 36.88)
(11.70, 4.03, 36.32)
(12.43, 3.13, 35.66)
(13.16, 2.22, 34.90)
(13.89, 1.32, 34.05)
(14.62, 0.42, 33.09)
(15.35, -0.48, 32.04)
(16.08, -1.38, 30.89)
(16.82, -2.28, 29.64)
(17.55, -3.18, 28.30)
(18.28, -4.08, 26.85)
(19.01, -4.98, 25.31)
(19.74, -5.88, 23.67)
(20.47, -6.78, 21.93)
(21.20, -7.69, 20.10)
(21.93, -8.59, 18.16)
(22.66, -9.49, 16.13)
(23.40, -10.39, 14.00)
(24.13, -11.29, 11.77)
(24.86, -12.19, 9.45)
(25.59, -13.09, 7.02)
(26.32, -13.99, 4.50)
(27.05, -14.89, 1.88)
(27.78, -15.79, -0.84)

152km/h
(0.00, 18.44, 33.55)
(0.73, 17.54, 34.46)
(1.46, 16.64, 35.27)
(2.19, 15.74, 35.98)
(2.92, 14.84, 36.59)
(3.65, 13.94, 37.11)
(4.38, 13.03, 37.53)
(5.11, 12.13, 37.85)
(5.84, 11.23, 38.07)
(6.57, 10.33, 38.19)
(7.30, 9.43, 38.22)
(8.03, 8.53, 38.14)
(8.76, 7.63, 37.97)
(9.49, 6.73, 37.71)
(10.22, 5.83, 37.34)
(10.95, 4.93, 36.87)
(11.68, 4.02, 36.31)
(12.41, 3.12, 35.65)
(13.14, 2.22, 34.89)
(13.87, 1.32, 34.04)
(14.60, 0.42, 33.08)
(15.33, -0.48, 32.03)
(16.06, -1.38, 30.88)
(16.79, -2.28, 29.63)
(17.52, -3.18, 28.28)
(18.25, -4.08, 26.84)
(18.98, -4.98, 25.30)
(19.71, -5.89, 23.66)
(20.44, -6.79, 21.92)
(21.17, -7.69, 20.08)
(21.90, -8.59, 18.15)
(22.63, -9.49, 16.12)
(23.36, -10.39, 13.99)
(24.09, -11.29, 11.76)
(24.82, -12.19, 9.43)
(25.55, -13.09, 7.01)
(26.28, -13.99, 4.48)
(27.01, -14.89, 1.86)
(27.74, -15.80, -0.85)

151km/h
(0.00, 18.44, 33.55)
(0.73, 17.54, 34.46)
(1.46, 16.64, 35.27)
(2.19, 15.74, 35.98)
(2.92, 14.84, 36.59)
(3.64, 13.93, 37.11)
(4.37, 13.03, 37.52)
(5.10, 12.13, 37.84)
(5.83, 11.23, 38.06)
(6.56, 10.33, 38.19)
(7.29, 9.43, 38.21)
(8.02, 8.53, 38.14)
(8.75, 7.63, 37.97)
(9.47, 6.73, 37.70)
(10.20, 5.83, 37.33)
(10.93, 4.92, 36.87)
(11.66, 4.02, 36.30)
(12.39, 3.12, 35.64)
(13.12, 2.22, 34.88)
(13.85, 1.32, 34.03)
(14.58, 0.42, 33.07)
(15.30, -0.48, 32.02)
(16.03, -1.38, 30.87)
(16.76, -2.28, 29.62)
(17.49, -3.18, 28.27)
(18.22, -4.09, 26.83)
(18.95, -4.99, 25.28)
(19.68, -5.89, 23.64)
(20.41, -6.79, 21.91)
(21.13, -7.69, 20.07)
(21.86, -8.59, 18.13)
(22.59, -9.49, 16.10)
(23.32, -10.39, 13.97)
(24.05, -11.29, 11.74)
(24.78, -12.19, 9.41)
(25.51, -13.10, 6.99)
(26.24, -14.00, 4.47)
(26.96, -14.90, 1.85)
(27.69, -15.80, -0.87)

150km/h
(0.00, 18.44, 33.55)
(0.73, 17.54, 34.46)
(1.46, 16.64, 35.27)
(2.18, 15.74, 35.98)
(2.91, 14.84, 36.59)
(3.64, 13.93, 37.10)
(4.37, 13.03, 37.52)
(5.09, 12.13, 37.84)
(5.82, 11.23, 38.06)
(6.55, 10.33, 38.18)
(7.28, 9.43, 38.21)
(8.00, 8.53, 38.13)
(8.73, 7.63, 37.96)
(9.46, 6.73, 37.69)
(10.19, 5.82, 37.32)
(10.91, 4.92, 36.86)
(11.64, 4.02, 36.30)
(12.37, 3.12, 35.63)
(13.10, 2.22, 34.87)
(13.82, 1.32, 34.02)
(14.55, 0.42, 33.06)
(15.28, -0.48, 32.01)
(16.01, -1.38, 30.86)
(16.73, -2.28, 29.61)
(17.46, -3.19, 28.26)
(18.19, -4.09, 26.82)
(18.92, -4.99, 25.27)
(19.65, -5.89, 23.63)
(20.37, -6.79, 21.89)
(21.10, -7.69, 20.05)
(21.83, -8.59, 18.12)
(22.56, -9.49, 16.08)
(23.28, -10.39, 13.95)
(24.01, -11.30, 11.72)
(24.74, -12.20, 9.40)
(25.47, -13.10, 6.97)
(26.19, -14.00, 4.45)
(26.92, -14.90, 1.83)
(27.65, -15.80, -0.89)

149km/h
(0.00, 18.44, 33.55)
(0.73, 17.54, 34.46)
(1.45, 16.64, 35.26)
(2.18, 15.74, 35.97)
(2.91, 14.84, 36.59)
(3.63, 13.93, 37.10)
(4.36, 13.03, 37.52)
(5.08, 12.13, 37.83)
(5.81, 11.23, 38.05)
(6.54, 10.33, 38.18)
(7.26, 9.43, 38.20)
(7.99, 8.53, 38.13)
(8.72, 7.63, 37.96)
(9.44, 6.72, 37.69)
(10.17, 5.82, 37.32)
(10.90, 4.92, 36.85)
(11.62, 4.02, 36.29)
(12.35, 3.12, 35.63)
(13.08, 2.22, 34.87)
(13.80, 1.32, 34.01)
(14.53, 0.42, 33.05)
(15.25, -0.48, 32.00)
(15.98, -1.39, 30.85)
(16.71, -2.29, 29.60)
(17.43, -3.19, 28.25)
(18.16, -4.09, 26.80)
(18.89, -4.99, 25.26)
(19.61, -5.89, 23.62)
(20.34, -6.79, 21.88)
(21.07, -7.69, 20.04)
(21.79, -8.59, 18.10)
(22.52, -9.50, 16.07)
(23.25, -10.40, 13.94)
(23.97, -11.30, 11.71)
(24.70, -12.20, 9.38)
(25.42, -13.10, 6.95)
(26.15, -14.00, 4.43)
(26.88, -14.90, 1.81)
(27.60, -15.80, -0.91)

148km/h
(0.00, 18.44, 33.55)
(0.73, 17.54, 34.46)
(1.45, 16.64, 35.26)
(2.18, 15.74, 35.97)
(2.90, 14.84, 36.58)
(3.63, 13.93, 37.10)
(4.35, 13.03, 37.51)
(5.08, 12.13, 37.83)
(5.80, 11.23, 38.05)
(6.53, 10.33, 38.17)
(7.25, 9.43, 38.20)
(7.98, 8.53, 38.12)
(8.70, 7.63, 37.95)
(9.43, 6.72, 37.68)
(10.15, 5.82, 37.31)
(10.88, 4.92, 36.84)
(11.60, 4.02, 36.28)
(12.33, 3.12, 35.62)
(13.05, 2.22, 34.86)
(13.78, 1.32, 34.00)
(14.50, 0.42, 33.04)
(15.23, -0.49, 31.99)
(15.95, -1.39, 30.83)
(16.68, -2.29, 29.58)
(17.41, -3.19, 28.24)
(18.13, -4.09, 26.79)
(18.86, -4.99, 25.24)
(19.58, -5.89, 23.60)
(20.31, -6.79, 21.86)
(21.03, -7.70, 20.02)
(21.76, -8.60, 18.09)
(22.48, -9.50, 16.05)
(23.21, -10.40, 13.92)
(23.93, -11.30, 11.69)
(24.66, -12.20, 9.36)
(25.38, -13.10, 6.93)
(26.11, -14.00, 4.41)
(26.83, -14.91, 1.79)
(27.56, -15.81, -0.93)

147km/h
(0.00, 18.44, 33.55)
(0.72, 17.54, 34.46)
(1.45, 16.64, 35.26)
(2.17, 15.74, 35.97)
(2.90, 14.83, 36.58)
(3.62, 13.93, 37.10)
(4.34, 13.03, 37.51)
(5.07, 12.13, 37.83)
(5.79, 11.23, 38.05)
(6.52, 10.33, 38.17)
(7.24, 9.43, 38.19)
(7.96, 8.53, 38.12)
(8.69, 7.62, 37.94)
(9.41, 6.72, 37.67)
(10.14, 5.82, 37.30)
(10.86, 4.92, 36.84)
(11.58, 4.02, 36.27)
(12.31, 3.12, 35.61)
(13.03, 2.22, 34.85)
(13.76, 1.32, 33.99)
(14.48, 0.41, 33.03)
(15.20, -0.49, 31.98)
(15.93, -1.39, 30.82)
(16.65, -2.29, 29.57)
(17.38, -3.19, 28.22)
(18.10, -4.09, 26.78)
(18.82, -4.99, 25.23)
(19.55, -5.90, 23.59)
(20.27, -6.80, 21.85)
(21.00, -7.70, 20.01)
(21.72, -8.60, 18.07)
(22.44, -9.50, 16.04)
(23.17, -10.40, 13.90)
(23.89, -11.30, 11.67)
(24.62, -12.20, 9.34)
(25.34, -13.11, 6.92)
(26.06, -14.01, 4.39)
(26.79, -14.91, 1.77)
(27.51, -15.81, -0.95)

146km/h
(0.00, 18.44, 33.55)
(0.72, 17.54, 34.45)
(1.45, 16.64, 35.26)
(2.17, 15.74, 35.97)
(2.89, 14.83, 36.58)
(3.61, 13.93, 37.09)
(4.34, 13.03, 37.51)
(5.06, 12.13, 37.82)
(5.78, 11.23, 38.04)
(6.51, 10.33, 38.16)
(7.23, 9.43, 38.19)
(7.95, 8.52, 38.11)
(8.67, 7.62, 37.94)
(9.40, 6.72, 37.66)
(10.12, 5.82, 37.30)
(10.84, 4.92, 36.83)
(11.56, 4.02, 36.26)
(12.29, 3.12, 35.60)
(13.01, 2.21, 34.84)
(13.73, 1.31, 33.98)
(14.46, 0.41, 33.02)
(15.18, -0.49, 31.96)
(15.90, -1.39, 30.81)
(16.62, -2.29, 29.56)
(17.35, -3.19, 28.21)
(18.07, -4.09, 26.76)
(18.79, -5.00, 25.22)
(19.52, -5.90, 23.57)
(20.24, -6.80, 21.83)
(20.96, -7.70, 19.99)
(21.68, -8.60, 18.06)
(22.41, -9.50, 16.02)
(23.13, -10.40, 13.89)
(23.85, -11.31, 11.66)
(24.58, -12.21, 9.33)
(25.30, -13.11, 6.90)
(26.02, -14.01, 4.37)
(26.74, -14.91, 1.75)
(27.47, -15.81, -0.97)

145km/h
(0.00, 18.44, 33.55)
(0.72, 17.54, 34.45)
(1.44, 16.64, 35.26)
(2.16, 15.74, 35.97)
(2.89, 14.83, 36.58)
(3.61, 13.93, 37.09)
(4.33, 13.03, 37.50)
(5.05, 12.13, 37.82)
(5.77, 11.23, 38.04)
(6.49, 10.33, 38.16)
(7.22, 9.43, 38.18)
(7.94, 8.52, 38.10)
(8.66, 7.62, 37.93)
(9.38, 6.72, 37.66)
(10.10, 5.82, 37.29)
(10.82, 4.92, 36.82)
(11.55, 4.02, 36.25)
(12.27, 3.11, 35.59)
(12.99, 2.21, 34.83)
(13.71, 1.31, 33.97)
(14.43, 0.41, 33.01)
(15.15, -0.49, 31.95)
(15.87, -1.39, 30.80)
(16.60, -2.29, 29.55)
(17.32, -3.20, 28.20)
(18.04, -4.10, 26.75)
(18.76, -5.00, 25.20)
(19.48, -5.90, 23.56)
(20.20, -6.80, 21.82)
(20.93, -7.70, 19.98)
(21.65, -8.60, 18.04)
(22.37, -9.51, 16.00)
(23.09, -10.41, 13.87)
(23.81, -11.31, 11.64)
(24.53, -12.21, 9.31)
(25.26, -13.11, 6.88)
(25.98, -14.01, 4.35)
(26.70, -14.91, 1.73)
(27.42, -15.82, -0.99)

144km/h
(0.00, 18.44, 33.55)
(0.72, 17.54, 34.45)
(1.44, 16.64, 35.26)
(2.16, 15.74, 35.97)
(2.88, 14.83, 36.58)
(3.60, 13.93, 37.09)
(4.32, 13.03, 37.50)
(5.04, 12.13, 37.82)
(5.76, 11.23, 38.03)
(6.48, 10.33, 38.15)
(7.20, 9.42, 38.17)
(7.92, 8.52, 38.10)
(8.64, 7.62, 37.92)
(9.36, 6.72, 37.65)
(10.09, 5.82, 37.28)
(10.81, 4.92, 36.81)
(11.53, 4.02, 36.25)
(12.25, 3.11, 35.58)
(12.97, 2.21, 34.82)
(13.69, 1.31, 33.96)
(14.41, 0.41, 33.00)
(15.13, -0.49, 31.94)
(15.85, -1.39, 30.79)
(16.57, -2.30, 29.54)
(17.29, -3.20, 28.18)
(18.01, -4.10, 26.74)
(18.73, -5.00, 25.19)
(19.45, -5.90, 23.55)
(20.17, -6.80, 21.80)
(20.89, -7.71, 19.96)
(21.61, -8.61, 18.02)
(22.33, -9.51, 15.99)
(23.05, -10.41, 13.85)
(23.77, -11.31, 11.62)
(24.49, -12.21, 9.29)
(25.21, -13.11, 6.86)
(25.93, -14.02, 4.33)
(26.65, -14.92, 1.71)
(27.37, -15.82, -1.01)

8. 속도 비율 x 방향 0.01, y 방향 0.98, z 방향 0.01 최종 속력
163km/h
(0.00, 18.44, 33.55)
(0.73, 17.54, 34.45)
(1.47, 16.64, 35.25)
(2.20, 15.74, 35.96)
(2.93, 14.84, 36.57)
(3.66, 13.94, 37.08)
(4.40, 13.04, 37.49)
(5.13, 12.14, 37.80)
(5.86, 11.24, 38.02)
(6.60, 10.34, 38.13)
(7.33, 9.44, 38.15)
(8.06, 8.54, 38.08)
(8.79, 7.64, 37.90)
(9.53, 6.75, 37.62)
(10.26, 5.85, 37.25)
(10.99, 4.95, 36.78)
(11.73, 4.05, 36.21)
(12.46, 3.15, 35.55)
(13.19, 2.25, 34.78)
(13.93, 1.35, 33.92)
(14.66, 0.45, 32.96)
(15.39, -0.45, 31.90)
(16.12, -1.35, 30.74)
(16.86, -2.25, 29.49)
(17.59, -3.15, 28.14)
(18.32, -4.05, 26.69)
(19.06, -4.95, 25.14)
(19.79, -5.85, 23.49)
(20.52, -6.75, 21.75)
(21.25, -7.65, 19.90)
(21.99, -8.55, 17.96)
(22.72, -9.45, 15.92)
(23.45, -10.35, 13.79)
(24.19, -11.25, 11.55)
(24.92, -12.15, 9.22)
(25.65, -13.05, 6.79)
(26.38, -13.95, 4.26)
(27.12, -14.85, 1.63)
(27.85, -15.74, -1.09)

162km/h
(0.00, 18.44, 33.55)
(0.73, 17.54, 34.45)
(1.46, 16.64, 35.25)
(2.20, 15.74, 35.96)
(2.93, 14.84, 36.57)
(3.66, 13.94, 37.07)
(4.39, 13.04, 37.49)
(5.12, 12.14, 37.80)
(5.85, 11.24, 38.01)
(6.59, 10.34, 38.13)
(7.32, 9.44, 38.15)
(8.05, 8.54, 38.07)
(8.78, 7.64, 37.89)
(9.51, 6.74, 37.62)
(10.25, 5.84, 37.25)
(10.98, 4.95, 36.77)
(11.71, 4.05, 36.21)
(12.44, 3.15, 35.54)
(13.17, 2.25, 34.77)
(13.91, 1.35, 33.91)
(14.64, 0.45, 32.95)
(15.37, -0.45, 31.89)
(16.10, -1.35, 30.73)
(16.83, -2.25, 29.48)
(17.56, -3.15, 28.13)
(18.30, -4.05, 26.67)
(19.03, -4.95, 25.13)
(19.76, -5.85, 23.48)
(20.49, -6.75, 21.73)
(21.22, -7.65, 19.89)
(21.96, -8.55, 17.95)
(22.69, -9.45, 15.91)
(23.42, -10.35, 13.77)
(24.15, -11.25, 11.54)
(24.88, -12.15, 9.21)
(25.62, -13.05, 6.77)
(26.35, -13.95, 4.25)
(27.08, -14.85, 1.62)
(27.81, -15.75, -1.11)

161km/h
(0.00, 18.44, 33.55)
(0.73, 17.54, 34.45)
(1.46, 16.64, 35.25)
(2.19, 15.74, 35.96)
(2.92, 14.84, 36.56)
(3.65, 13.94, 37.07)
(4.38, 13.04, 37.48)
(5.12, 12.14, 37.80)
(5.85, 11.24, 38.01)
(6.58, 10.34, 38.13)
(7.31, 9.44, 38.15)
(8.04, 8.54, 38.07)
(8.77, 7.64, 37.89)
(9.50, 6.74, 37.61)
(10.23, 5.84, 37.24)
(10.96, 4.94, 36.77)
(11.69, 4.04, 36.20)
(12.42, 3.14, 35.53)
(13.15, 2.24, 34.77)
(13.89, 1.35, 33.90)
(14.62, 0.45, 32.94)
(15.35, -0.45, 31.88)
(16.08, -1.35, 30.72)
(16.81, -2.25, 29.47)
(17.54, -3.15, 28.12)
(18.27, -4.05, 26.66)
(19.00, -4.95, 25.11)
(19.73, -5.85, 23.47)
(20.46, -6.75, 21.72)
(21.19, -7.65, 19.88)
(21.92, -8.55, 17.94)
(22.66, -9.45, 15.90)
(23.39, -10.35, 13.76)
(24.12, -11.25, 11.52)
(24.85, -12.15, 9.19)
(25.58, -13.05, 6.76)
(26.31, -13.95, 4.23)
(27.04, -14.85, 1.60)
(27.77, -15.75, -1.12)

160km/h
(0.00, 18.44, 33.55)
(0.73, 17.54, 34.45)
(1.46, 16.64, 35.25)
(2.19, 15.74, 35.96)
(2.92, 14.84, 36.56)
(3.65, 13.94, 37.07)
(4.38, 13.04, 37.48)
(5.11, 12.14, 37.79)
(5.84, 11.24, 38.01)
(6.57, 10.34, 38.12)
(7.30, 9.44, 38.14)
(8.03, 8.54, 38.06)
(8.76, 7.64, 37.88)
(9.49, 6.74, 37.61)
(10.22, 5.84, 37.23)
(10.95, 4.94, 36.76)
(11.68, 4.04, 36.19)
(12.41, 3.14, 35.52)
(13.14, 2.24, 34.76)
(13.87, 1.34, 33.89)
(14.60, 0.44, 32.93)
(15.33, -0.46, 31.87)
(16.05, -1.36, 30.71)
(16.78, -2.26, 29.46)
(17.51, -3.16, 28.10)
(18.24, -4.06, 26.65)
(18.97, -4.95, 25.10)
(19.70, -5.85, 23.46)
(20.43, -6.75, 21.71)
(21.16, -7.65, 19.87)
(21.89, -8.55, 17.92)
(22.62, -9.45, 15.88)
(23.35, -10.35, 13.75)
(24.08, -11.25, 11.51)
(24.81, -12.15, 9.18)
(25.54, -13.05, 6.74)
(26.27, -13.95, 4.21)
(27.00, -14.85, 1.59)
(27.73, -15.75, -1.14)

159km/h
(0.00, 18.44, 33.55)
(0.73, 17.54, 34.45)
(1.46, 16.64, 35.25)
(2.19, 15.74, 35.96)
(2.91, 14.84, 36.56)
(3.64, 13.94, 37.07)
(4.37, 13.04, 37.48)
(5.10, 12.14, 37.79)
(5.83, 11.24, 38.00)
(6.56, 10.34, 38.12)
(7.29, 9.44, 38.14)
(8.02, 8.54, 38.06)
(8.74, 7.64, 37.88)
(9.47, 6.74, 37.60)
(10.20, 5.84, 37.23)
(10.93, 4.94, 36.76)
(11.66, 4.04, 36.18)
(12.39, 3.14, 35.52)
(13.12, 2.24, 34.75)
(13.85, 1.34, 33.89)
(14.57, 0.44, 32.92)
(15.30, -0.46, 31.86)
(16.03, -1.36, 30.70)
(16.76, -2.26, 29.45)
(17.49, -3.16, 28.09)
(18.22, -4.06, 26.64)
(18.95, -4.96, 25.09)
(19.68, -5.86, 23.44)
(20.40, -6.76, 21.70)
(21.13, -7.66, 19.85)
(21.86, -8.56, 17.91)
(22.59, -9.46, 15.87)
(23.32, -10.36, 13.73)
(24.05, -11.26, 11.50)
(24.78, -12.16, 9.16)
(25.50, -13.06, 6.73)
(26.23, -13.96, 4.20)
(26.96, -14.86, 1.57)
(27.69, -15.76, -1.16)

158km/h
(0.00, 18.44, 33.55)
(0.73, 17.54, 34.45)
(1.46, 16.64, 35.25)
(2.18, 15.74, 35.95)
(2.91, 14.84, 36.56)
(3.64, 13.94, 37.07)
(4.37, 13.04, 37.48)
(5.09, 12.14, 37.79)
(5.82, 11.24, 38.00)
(6.55, 10.34, 38.12)
(7.28, 9.44, 38.13)
(8.00, 8.54, 38.05)
(8.73, 7.64, 37.87)
(9.46, 6.74, 37.60)
(10.19, 5.84, 37.22)
(10.91, 4.94, 36.75)
(11.64, 4.04, 36.18)
(12.37, 3.14, 35.51)
(13.10, 2.24, 34.74)
(13.83, 1.34, 33.88)
(14.55, 0.44, 32.91)
(15.28, -0.46, 31.85)
(16.01, -1.36, 30.70)
(16.74, -2.26, 29.44)
(17.46, -3.16, 28.08)
(18.19, -4.06, 26.63)
(18.92, -4.96, 25.08)
(19.65, -5.86, 23.43)
(20.37, -6.76, 21.68)
(21.10, -7.66, 19.84)
(21.83, -8.56, 17.90)
(22.56, -9.46, 15.86)
(23.28, -10.36, 13.72)
(24.01, -11.26, 11.48)
(24.74, -12.16, 9.15)
(25.47, -13.06, 6.71)
(26.20, -13.96, 4.18)
(26.92, -14.86, 1.55)
(27.65, -15.76, -1.17)

157km/h
(0.00, 18.44, 33.55)
(0.73, 17.54, 34.45)
(1.45, 16.64, 35.25)
(2.18, 15.74, 35.95)
(2.91, 14.84, 36.56)
(3.63, 13.94, 37.06)
(4.36, 13.04, 37.47)
(5.09, 12.14, 37.78)
(5.81, 11.24, 38.00)
(6.54, 10.34, 38.11)
(7.27, 9.44, 38.13)
(7.99, 8.54, 38.05)
(8.72, 7.64, 37.87)
(9.45, 6.74, 37.59)
(10.17, 5.84, 37.21)
(10.90, 4.94, 36.74)
(11.62, 4.04, 36.17)
(12.35, 3.14, 35.50)
(13.08, 2.24, 34.73)
(13.80, 1.34, 33.87)
(14.53, 0.44, 32.91)
(15.26, -0.46, 31.84)
(15.98, -1.36, 30.69)
(16.71, -2.26, 29.43)
(17.44, -3.16, 28.07)
(18.16, -4.06, 26.62)
(18.89, -4.96, 25.07)
(19.62, -5.86, 23.42)
(20.34, -6.76, 21.67)
(21.07, -7.66, 19.83)
(21.80, -8.56, 17.88)
(22.52, -9.46, 15.84)
(23.25, -10.36, 13.70)
(23.98, -11.26, 11.47)
(24.70, -12.16, 9.13)
(25.43, -13.06, 6.70)
(26.16, -13.96, 4.17)
(26.88, -14.86, 1.54)
(27.61, -15.76, -1.19)

156km/h
(0.00, 18.44, 33.55)
(0.73, 17.54, 34.45)
(1.45, 16.64, 35.25)
(2.18, 15.74, 35.95)
(2.90, 14.84, 36.56)
(3.63, 13.94, 37.06)
(4.35, 13.04, 37.47)
(5.08, 12.14, 37.78)
(5.80, 11.24, 37.99)
(6.53, 10.34, 38.11)
(7.25, 9.44, 38.12)
(7.98, 8.54, 38.04)
(8.71, 7.64, 37.86)
(9.43, 6.74, 37.58)
(10.16, 5.84, 37.21)
(10.88, 4.94, 36.73)
(11.61, 4.04, 36.16)
(12.33, 3.14, 35.49)
(13.06, 2.24, 34.73)
(13.78, 1.34, 33.86)
(14.51, 0.44, 32.90)
(15.23, -0.46, 31.83)
(15.96, -1.36, 30.68)
(16.69, -2.26, 29.42)
(17.41, -3.16, 28.06)
(18.14, -4.06, 26.61)
(18.86, -4.96, 25.06)
(19.59, -5.86, 23.41)
(20.31, -6.76, 21.66)
(21.04, -7.66, 19.81)
(21.76, -8.56, 17.87)
(22.49, -9.46, 15.83)
(23.22, -10.36, 13.69)
(23.94, -11.26, 11.45)
(24.67, -12.16, 9.12)
(25.39, -13.06, 6.68)
(26.12, -13.96, 4.15)
(26.84, -14.86, 1.52)
(27.57, -15.76, -1.21)

155km/h
(0.00, 18.44, 33.55)
(0.72, 17.54, 34.45)
(1.45, 16.64, 35.25)
(2.17, 15.74, 35.95)
(2.90, 14.84, 36.55)
(3.62, 13.94, 37.06)
(4.35, 13.04, 37.47)
(5.07, 12.14, 37.78)
(5.80, 11.24, 37.99)
(6.52, 10.34, 38.10)
(7.24, 9.44, 38.12)
(7.97, 8.54, 38.04)
(8.69, 7.64, 37.86)
(9.42, 6.74, 37.58)
(10.14, 5.84, 37.20)
(10.87, 4.94, 36.73)
(11.59, 4.04, 36.16)
(12.31, 3.14, 35.49)
(13.04, 2.24, 34.72)
(13.76, 1.34, 33.85)
(14.49, 0.44, 32.89)
(15.21, -0.46, 31.83)
(15.94, -1.36, 30.67)
(16.66, -2.26, 29.41)
(17.39, -3.16, 28.05)
(18.11, -4.06, 26.60)
(18.83, -4.96, 25.04)
(19.56, -5.86, 23.39)
(20.28, -6.76, 21.65)
(21.01, -7.66, 19.80)
(21.73, -8.56, 17.86)
(22.46, -9.47, 15.81)
(23.18, -10.37, 13.67)
(23.90, -11.27, 11.44)
(24.63, -12.17, 9.10)
(25.35, -13.07, 6.67)
(26.08, -13.97, 4.13)
(26.80, -14.87, 1.50)
(27.53, -15.77, -1.22)

154km/h
(0.00, 18.44, 33.55)
(0.72, 17.54, 34.45)
(1.45, 16.64, 35.25)
(2.17, 15.74, 35.95)
(2.89, 14.84, 36.55)
(3.62, 13.94, 37.06)
(4.34, 13.04, 37.46)
(5.06, 12.14, 37.77)
(5.79, 11.24, 37.99)
(6.51, 10.34, 38.10)
(7.23, 9.44, 38.11)
(7.96, 8.54, 38.03)
(8.68, 7.64, 37.85)
(9.40, 6.74, 37.57)
(10.13, 5.84, 37.20)
(10.85, 4.94, 36.72)
(11.57, 4.04, 36.15)
(12.30, 3.14, 35.48)
(13.02, 2.24, 34.71)
(13.74, 1.34, 33.84)
(14.47, 0.44, 32.88)
(15.19, -0.47, 31.82)
(15.91, -1.37, 30.66)
(16.64, -2.27, 29.40)
(17.36, -3.17, 28.04)
(18.08, -4.07, 26.59)
(18.81, -4.97, 25.03)
(19.53, -5.87, 23.38)
(20.25, -6.77, 21.63)
(20.98, -7.67, 19.79)
(21.70, -8.57, 17.84)
(22.42, -9.47, 15.80)
(23.15, -10.37, 13.66)
(23.87, -11.27, 11.42)
(24.59, -12.17, 9.08)
(25.31, -13.07, 6.65)
(26.04, -13.97, 4.12)
(26.76, -14.87, 1.49)
(27.48, -15.77, -1.24)

9. 속도 비율 x 방향 0.03, y 방향 0.96, z 방향 0.03 최종 속력
147km/h
(0.00, 18.44, 33.55)
(0.73, 17.54, 34.47)
(1.47, 16.64, 35.28)
(2.20, 15.73, 36.00)
(2.93, 14.83, 36.63)
(3.66, 13.93, 37.15)
(4.40, 13.03, 37.58)
(5.13, 12.13, 37.91)
(5.86, 11.22, 38.14)
(6.60, 10.32, 38.27)
(7.33, 9.42, 38.30)
(8.06, 8.52, 38.24)
(8.80, 7.62, 38.08)
(9.53, 6.72, 37.82)
(10.26, 5.81, 37.46)
(10.99, 4.91, 37.00)
(11.73, 4.01, 36.45)
(12.46, 3.11, 35.80)
(13.19, 2.21, 35.05)
(13.93, 1.30, 34.20)
(14.66, 0.40, 33.26)
(15.39, -0.50, 32.21)
(16.12, -1.40, 31.07)
(16.86, -2.30, 29.83)
(17.59, -3.21, 28.49)
(18.32, -4.11, 27.06)
(19.06, -5.01, 25.52)
(19.79, -5.91, 23.89)
(20.52, -6.81, 22.16)
(21.25, -7.72, 20.33)
(21.99, -8.62, 18.41)
(22.72, -9.52, 16.38)
(23.45, -10.42, 14.26)
(24.19, -11.32, 12.04)
(24.92, -12.23, 9.72)
(25.65, -13.13, 7.31)
(26.39, -14.03, 4.80)
(27.12, -14.93, 2.18)
(27.85, -15.83, -0.53)

146km/h
(0.00, 18.44, 33.55)
(0.73, 17.54, 34.47)
(1.46, 16.64, 35.28)
(2.20, 15.73, 36.00)
(2.93, 14.83, 36.62)
(3.66, 13.93, 37.15)
(4.39, 13.03, 37.57)
(5.12, 12.13, 37.90)
(5.85, 11.22, 38.13)
(6.59, 10.32, 38.26)
(7.32, 9.42, 38.30)
(8.05, 8.52, 38.23)
(8.78, 7.62, 38.07)
(9.51, 6.71, 37.81)
(10.24, 5.81, 37.45)
(10.98, 4.91, 37.00)
(11.71, 4.01, 36.44)
(12.44, 3.11, 35.79)
(13.17, 2.20, 35.04)
(13.90, 1.30, 34.19)
(14.63, 0.40, 33.24)
(15.37, -0.50, 32.20)
(16.10, -1.40, 31.06)
(16.83, -2.31, 29.82)
(17.56, -3.21, 28.48)
(18.29, -4.11, 27.04)
(19.02, -5.01, 25.51)
(19.76, -5.91, 23.88)
(20.49, -6.82, 22.15)
(21.22, -7.72, 20.32)
(21.95, -8.62, 18.39)
(22.68, -9.52, 16.37)
(23.41, -10.42, 14.24)
(24.15, -11.33, 12.02)
(24.88, -12.23, 9.71)
(25.61, -13.13, 7.29)
(26.34, -14.03, 4.78)
(27.07, -14.93, 2.16)
(27.80, -15.84, -0.55)

145km/h
(0.00, 18.44, 33.55)
(0.73, 17.54, 34.47)
(1.46, 16.64, 35.28)
(2.19, 15.73, 36.00)
(2.92, 14.83, 36.62)
(3.65, 13.93, 37.15)
(4.38, 13.03, 37.57)
(5.11, 12.13, 37.90)
(5.84, 11.22, 38.13)
(6.57, 10.32, 38.26)
(7.30, 9.42, 38.29)
(8.03, 8.52, 38.23)
(8.76, 7.62, 38.06)
(9.50, 6.71, 37.80)
(10.23, 5.81, 37.44)
(10.96, 4.91, 36.99)
(11.69, 4.01, 36.43)
(12.42, 3.10, 35.78)
(13.15, 2.20, 35.03)
(13.88, 1.30, 34.18)
(14.61, 0.40, 33.23)
(15.34, -0.50, 32.19)
(16.07, -1.41, 31.04)
(16.80, -2.31, 29.80)
(17.53, -3.21, 28.46)
(18.26, -4.11, 27.03)
(18.99, -5.01, 25.49)
(19.72, -5.92, 23.86)
(20.45, -6.82, 22.13)
(21.18, -7.72, 20.30)
(21.91, -8.62, 18.37)
(22.64, -9.52, 16.35)
(23.37, -10.43, 14.23)
(24.10, -11.33, 12.01)
(24.83, -12.23, 9.69)
(25.56, -13.13, 7.27)
(26.29, -14.03, 4.75)
(27.03, -14.94, 2.14)
(27.76, -15.84, -0.57)

144km/h
(0.00, 18.44, 33.55)
(0.73, 17.54, 34.46)
(1.46, 16.64, 35.28)
(2.19, 15.73, 36.00)
(2.92, 14.83, 36.62)
(3.65, 13.93, 37.14)
(4.37, 13.03, 37.57)
(5.10, 12.13, 37.89)
(5.83, 11.22, 38.12)
(6.56, 10.32, 38.25)
(7.29, 9.42, 38.29)
(8.02, 8.52, 38.22)
(8.75, 7.61, 38.06)
(9.48, 6.71, 37.80)
(10.21, 5.81, 37.44)
(10.94, 4.91, 36.98)
(11.67, 4.01, 36.42)
(12.40, 3.10, 35.77)
(13.12, 2.20, 35.02)
(13.85, 1.30, 34.17)
(14.58, 0.40, 33.22)
(15.31, -0.50, 32.18)
(16.04, -1.41, 31.03)
(16.77, -2.31, 29.79)
(17.50, -3.21, 28.45)
(18.23, -4.11, 27.01)
(18.96, -5.02, 25.48)
(19.69, -5.92, 23.84)
(20.42, -6.82, 22.11)
(21.15, -7.72, 20.28)
(21.87, -8.62, 18.36)
(22.60, -9.53, 16.33)
(23.33, -10.43, 14.21)
(24.06, -11.33, 11.99)
(24.79, -12.23, 9.67)
(25.52, -13.13, 7.25)
(26.25, -14.04, 4.73)
(26.98, -14.94, 2.12)
(27.71, -15.84, -0.59)

143km/h
(0.00, 18.44, 33.55)
(0.73, 17.54, 34.46)
(1.46, 16.64, 35.28)
(2.18, 15.73, 36.00)
(2.91, 14.83, 36.62)
(3.64, 13.93, 37.14)
(4.37, 13.03, 37.56)
(5.09, 12.12, 37.89)
(5.82, 11.22, 38.12)
(6.55, 10.32, 38.25)
(7.28, 9.42, 38.28)
(8.01, 8.52, 38.21)
(8.73, 7.61, 38.05)
(9.46, 6.71, 37.79)
(10.19, 5.81, 37.43)
(10.92, 4.91, 36.97)
(11.65, 4.00, 36.41)
(12.37, 3.10, 35.76)
(13.10, 2.20, 35.01)
(13.83, 1.30, 34.16)
(14.56, 0.40, 33.21)
(15.28, -0.51, 32.16)
(16.01, -1.41, 31.02)
(16.74, -2.31, 29.78)
(17.47, -3.21, 28.44)
(18.20, -4.12, 27.00)
(18.92, -5.02, 25.46)
(19.65, -5.92, 23.83)
(20.38, -6.82, 22.10)
(21.11, -7.72, 20.27)
(21.84, -8.63, 18.34)
(22.56, -9.53, 16.31)
(23.29, -10.43, 14.19)
(24.02, -11.33, 11.97)
(24.75, -12.24, 9.65)
(25.47, -13.14, 7.23)
(26.20, -14.04, 4.71)
(26.93, -14.94, 2.10)
(27.66, -15.84, -0.61)

142km/h
(0.00, 18.44, 33.55)
(0.73, 17.54, 34.46)
(1.45, 16.64, 35.28)
(2.18, 15.73, 36.00)
(2.91, 14.83, 36.62)
(3.63, 13.93, 37.14)
(4.36, 13.03, 37.56)
(5.09, 12.12, 37.89)
(5.81, 11.22, 38.11)
(6.54, 10.32, 38.24)
(7.27, 9.42, 38.27)
(7.99, 8.51, 38.21)
(8.72, 7.61, 38.04)
(9.45, 6.71, 37.78)
(10.17, 5.81, 37.42)
(10.90, 4.91, 36.96)
(11.63, 4.00, 36.40)
(12.35, 3.10, 35.75)
(13.08, 2.20, 35.00)
(13.80, 1.30, 34.15)
(14.53, 0.39, 33.20)
(15.26, -0.51, 32.15)
(15.98, -1.41, 31.01)
(16.71, -2.31, 29.76)
(17.44, -3.21, 28.42)
(18.16, -4.12, 26.98)
(18.89, -5.02, 25.45)
(19.62, -5.92, 23.81)
(20.34, -6.82, 22.08)
(21.07, -7.73, 20.25)
(21.80, -8.63, 18.32)
(22.52, -9.53, 16.29)
(23.25, -10.43, 14.17)
(23.98, -11.34, 11.95)
(24.70, -12.24, 9.63)
(25.43, -13.14, 7.21)
(26.16, -14.04, 4.69)
(26.88, -14.94, 2.08)
(27.61, -15.85, -0.64)

141km/h
(0.00, 18.44, 33.55)
(0.73, 17.54, 34.46)
(1.45, 16.64, 35.28)
(2.18, 15.73, 35.99)
(2.90, 14.83, 36.61)
(3.63, 13.93, 37.13)
(4.35, 13.03, 37.56)
(5.08, 12.12, 37.88)
(5.80, 11.22, 38.11)
(6.53, 10.32, 38.24)
(7.25, 9.42, 38.27)
(7.98, 8.51, 38.20)
(8.70, 7.61, 38.04)
(9.43, 6.71, 37.77)
(10.15, 5.81, 37.41)
(10.88, 4.90, 36.95)
(11.60, 4.00, 36.39)
(12.33, 3.10, 35.74)
(13.05, 2.20, 34.99)
(13.78, 1.30, 34.14)
(14.51, 0.39, 33.19)
(15.23, -0.51, 32.14)
(15.96, -1.41, 30.99)
(16.68, -2.31, 29.75)
(17.41, -3.22, 28.41)
(18.13, -4.12, 26.97)
(18.86, -5.02, 25.43)
(19.58, -5.92, 23.80)
(20.31, -6.83, 22.06)
(21.03, -7.73, 20.23)
(21.76, -8.63, 18.30)
(22.48, -9.53, 16.28)
(23.21, -10.44, 14.15)
(23.93, -11.34, 11.93)
(24.66, -12.24, 9.61)
(25.38, -13.14, 7.19)
(26.11, -14.05, 4.67)
(26.83, -14.95, 2.06)
(27.56, -15.85, -0.66)

140km/h
(0.00, 18.44, 33.55)
(0.72, 17.54, 34.46)
(1.45, 16.64, 35.28)
(2.17, 15.73, 35.99)
(2.90, 14.83, 36.61)
(3.62, 13.93, 37.13)
(4.34, 13.03, 37.55)
(5.07, 12.12, 37.88)
(5.79, 11.22, 38.10)
(6.52, 10.32, 38.23)
(7.24, 9.42, 38.26)
(7.96, 8.51, 38.19)
(8.69, 7.61, 38.03)
(9.41, 6.71, 37.76)
(10.14, 5.81, 37.40)
(10.86, 4.90, 36.94)
(11.58, 4.00, 36.39)
(12.31, 3.10, 35.73)
(13.03, 2.20, 34.98)
(13.76, 1.29, 34.12)
(14.48, 0.39, 33.17)
(15.20, -0.51, 32.13)
(15.93, -1.41, 30.98)
(16.65, -2.32, 29.74)
(17.37, -3.22, 28.39)
(18.10, -4.12, 26.95)
(18.82, -5.02, 25.42)
(19.55, -5.93, 23.78)
(20.27, -6.83, 22.05)
(20.99, -7.73, 20.22)
(21.72, -8.63, 18.29)
(22.44, -9.54, 16.26)
(23.17, -10.44, 14.13)
(23.89, -11.34, 11.91)
(24.61, -12.24, 9.59)
(25.34, -13.15, 7.17)
(26.06, -14.05, 4.65)
(26.79, -14.95, 2.03)
(27.51, -15.85, -0.68)

139km/h
(0.00, 18.44, 33.55)
(0.72, 17.54, 34.46)
(1.45, 16.63, 35.28)
(2.17, 15.73, 35.99)
(2.89, 14.83, 36.61)
(3.61, 13.93, 37.13)
(4.34, 13.02, 37.55)
(5.06, 12.12, 37.87)
(5.78, 11.22, 38.10)
(6.50, 10.32, 38.23)
(7.23, 9.41, 38.26)
(7.95, 8.51, 38.19)
(8.67, 7.61, 38.02)
(9.39, 6.71, 37.76)
(10.12, 5.80, 37.39)
(10.84, 4.90, 36.93)
(11.56, 4.00, 36.38)
(12.28, 3.10, 35.72)
(13.01, 2.19, 34.96)
(13.73, 1.29, 34.11)
(14.45, 0.39, 33.16)
(15.18, -0.51, 32.11)
(15.90, -1.42, 30.97)
(16.62, -2.32, 29.72)
(17.34, -3.22, 28.38)
(18.07, -4.12, 26.94)
(18.79, -5.03, 25.40)
(19.51, -5.93, 23.77)
(20.23, -6.83, 22.03)
(20.96, -7.73, 20.20)
(21.68, -8.64, 18.27)
(22.40, -9.54, 16.24)
(23.12, -10.44, 14.11)
(23.85, -11.34, 11.89)
(24.57, -12.25, 9.57)
(25.29, -13.15, 7.15)
(26.01, -14.05, 4.63)
(26.74, -14.95, 2.01)
(27.46, -15.86, -0.70)

138km/h
(0.00, 18.44, 33.55)
(0.72, 17.54, 34.46)
(1.44, 16.63, 35.27)
(2.16, 15.73, 35.99)
(2.89, 14.83, 36.61)
(3.61, 13.93, 37.12)
(4.33, 13.02, 37.55)
(5.05, 12.12, 37.87)
(5.77, 11.22, 38.09)
(6.49, 10.32, 38.22)
(7.21, 9.41, 38.25)
(7.93, 8.51, 38.18)
(8.66, 7.61, 38.01)
(9.38, 6.71, 37.75)
(10.10, 5.80, 37.39)
(10.82, 4.90, 36.92)
(11.54, 4.00, 36.37)
(12.26, 3.10, 35.71)
(12.98, 2.19, 34.95)
(13.70, 1.29, 34.10)
(14.43, 0.39, 33.15)
(15.15, -0.51, 32.10)
(15.87, -1.42, 30.95)
(16.59, -2.32, 29.71)
(17.31, -3.22, 28.37)
(18.03, -4.13, 26.92)
(18.75, -5.03, 25.39)
(19.47, -5.93, 23.75)
(20.20, -6.83, 22.01)
(20.92, -7.74, 20.18)
(21.64, -8.64, 18.25)
(22.36, -9.54, 16.22)
(23.08, -10.44, 14.09)
(23.80, -11.35, 11.87)
(24.52, -12.25, 9.55)
(25.25, -13.15, 7.12)
(25.97, -14.05, 4.61)
(26.69, -14.96, 1.99)
(27.41, -15.86, -0.73)

10. 속도 비율 x 방향 0.02, y 방향 0.94, z 방향 0.04 최종 속력
153km/h
(0.00, 18.44, 33.55)
(0.73, 17.53, 34.48)
(1.46, 16.63, 35.32)
(2.18, 15.72, 36.05)
(2.91, 14.82, 36.69)
(3.64, 13.91, 37.23)
(4.37, 13.01, 37.67)
(5.09, 12.10, 38.02)
(5.82, 11.20, 38.26)
(6.55, 10.29, 38.41)
(7.28, 9.39, 38.46)
(8.01, 8.48, 38.42)
(8.73, 7.58, 38.27)
(9.46, 6.67, 38.03)
(10.19, 5.77, 37.68)
(10.92, 4.86, 37.24)
(11.64, 3.96, 36.71)
(12.37, 3.05, 36.07)
(13.10, 2.15, 35.34)
(13.83, 1.24, 34.51)
(14.56, 0.34, 33.58)
(15.28, -0.57, 32.55)
(16.01, -1.47, 31.42)
(16.74, -2.38, 30.20)
(17.47, -3.29, 28.88)
(18.19, -4.19, 27.46)
(18.92, -5.10, 25.94)
(19.65, -6.00, 24.32)
(20.38, -6.91, 22.61)
(21.11, -7.81, 20.80)
(21.83, -8.72, 18.89)
(22.56, -9.62, 16.88)
(23.29, -10.53, 14.77)
(24.02, -11.43, 12.57)
(24.74, -12.34, 10.27)
(25.47, -13.24, 7.87)
(26.20, -14.15, 5.37)
(26.93, -15.05, 2.78)
(27.66, -15.96, 0.08)
(28.38, -16.86, -2.71)

152km/h
(0.00, 18.44, 33.55)
(0.73, 17.53, 34.48)
(1.45, 16.63, 35.32)
(2.18, 15.72, 36.05)
(2.91, 14.82, 36.69)
(3.63, 13.91, 37.23)
(4.36, 13.01, 37.67)
(5.09, 12.10, 38.01)
(5.81, 11.20, 38.26)
(6.54, 10.29, 38.41)
(7.27, 9.39, 38.46)
(7.99, 8.48, 38.41)
(8.72, 7.58, 38.26)
(9.45, 6.67, 38.02)
(10.17, 5.77, 37.68)
(10.90, 4.86, 37.24)
(11.63, 3.96, 36.70)
(12.35, 3.05, 36.06)
(13.08, 2.15, 35.33)
(13.81, 1.24, 34.49)
(14.53, 0.33, 33.56)
(15.26, -0.57, 32.54)
(15.99, -1.48, 31.41)
(16.71, -2.38, 30.19)
(17.44, -3.29, 28.86)
(18.17, -4.19, 27.44)
(18.89, -5.10, 25.92)
(19.62, -6.00, 24.31)
(20.34, -6.91, 22.59)
(21.07, -7.81, 20.78)
(21.80, -8.72, 18.87)
(22.52, -9.62, 16.86)
(23.25, -10.53, 14.76)
(23.98, -11.43, 12.55)
(24.70, -12.34, 10.25)
(25.43, -13.24, 7.85)
(26.16, -14.15, 5.35)
(26.88, -15.06, 2.75)
(27.61, -15.96, 0.06)
(28.34, -16.87, -2.73)

151km/h
(0.00, 18.44, 33.55)
(0.73, 17.53, 34.48)
(1.45, 16.63, 35.31)
(2.18, 15.72, 36.05)
(2.90, 14.82, 36.69)
(3.63, 13.91, 37.23)
(4.35, 13.01, 37.67)
(5.08, 12.10, 38.01)
(5.80, 11.20, 38.25)
(6.53, 10.29, 38.40)
(7.25, 9.39, 38.45)
(7.98, 8.48, 38.40)
(8.71, 7.58, 38.26)
(9.43, 6.67, 38.01)
(10.16, 5.77, 37.67)
(10.88, 4.86, 37.23)
(11.61, 3.95, 36.69)
(12.33, 3.05, 36.05)
(13.06, 2.14, 35.32)
(13.78, 1.24, 34.48)
(14.51, 0.33, 33.55)
(15.23, -0.57, 32.52)
(15.96, -1.48, 31.40)
(16.68, -2.38, 30.17)
(17.41, -3.29, 28.85)
(18.14, -4.19, 27.43)
(18.86, -5.10, 25.91)
(19.59, -6.00, 24.29)
(20.31, -6.91, 22.58)
(21.04, -7.81, 20.76)
(21.76, -8.72, 18.85)
(22.49, -9.63, 16.84)
(23.21, -10.53, 14.74)
(23.94, -11.44, 12.53)
(24.66, -12.34, 10.23)
(25.39, -13.25, 7.83)
(26.12, -14.15, 5.33)
(26.84, -15.06, 2.73)
(27.57, -15.96, 0.04)
(28.29, -16.87, -2.75)

150km/h
(0.00, 18.44, 33.55)
(0.72, 17.53, 34.48)
(1.45, 16.63, 35.31)
(2.17, 15.72, 36.05)
(2.90, 14.82, 36.68)
(3.62, 13.91, 37.22)
(4.35, 13.01, 37.66)
(5.07, 12.10, 38.01)
(5.79, 11.20, 38.25)
(6.52, 10.29, 38.40)
(7.24, 9.39, 38.45)
(7.97, 8.48, 38.40)
(8.69, 7.58, 38.25)
(9.42, 6.67, 38.00)
(10.14, 5.76, 37.66)
(10.86, 4.86, 37.22)
(11.59, 3.95, 36.68)
(12.31, 3.05, 36.04)
(13.04, 2.14, 35.31)
(13.76, 1.24, 34.47)
(14.48, 0.33, 33.54)
(15.21, -0.57, 32.51)
(15.93, -1.48, 31.38)
(16.66, -2.38, 30.16)
(17.38, -3.29, 28.83)
(18.11, -4.19, 27.41)
(18.83, -5.10, 25.89)
(19.55, -6.01, 24.28)
(20.28, -6.91, 22.56)
(21.00, -7.82, 20.75)
(21.73, -8.72, 18.84)
(22.45, -9.63, 16.83)
(23.18, -10.53, 14.72)
(23.90, -11.44, 12.51)
(24.62, -12.34, 10.21)
(25.35, -13.25, 7.81)
(26.07, -14.15, 5.31)
(26.80, -15.06, 2.71)
(27.52, -15.96, 0.02)
(28.25, -16.87, -2.78)

149km/h
(0.00, 18.44, 33.55)
(0.72, 17.53, 34.48)
(1.45, 16.63, 35.31)
(2.17, 15.72, 36.05)
(2.89, 14.82, 36.68)
(3.62, 13.91, 37.22)
(4.34, 13.01, 37.66)
(5.06, 12.10, 38.00)
(5.78, 11.20, 38.25)
(6.51, 10.29, 38.39)
(7.23, 9.39, 38.44)
(7.95, 8.48, 38.39)
(8.68, 7.57, 38.24)
(9.40, 6.67, 38.00)
(10.12, 5.76, 37.65)
(10.85, 4.86, 37.21)
(11.57, 3.95, 36.67)
(12.29, 3.05, 36.03)
(13.02, 2.14, 35.29)
(13.74, 1.24, 34.46)
(14.46, 0.33, 33.53)
(15.18, -0.57, 32.50)
(15.91, -1.48, 31.37)
(16.63, -2.39, 30.14)
(17.35, -3.29, 28.82)
(18.08, -4.20, 27.40)
(18.80, -5.10, 25.88)
(19.52, -6.01, 24.26)
(20.25, -6.91, 22.54)
(20.97, -7.82, 20.73)
(21.69, -8.72, 18.82)
(22.41, -9.63, 16.81)
(23.14, -10.53, 14.70)
(23.86, -11.44, 12.49)
(24.58, -12.35, 10.19)
(25.31, -13.25, 7.79)
(26.03, -14.16, 5.29)
(26.75, -15.06, 2.69)
(27.48, -15.97, -0.01)

148km/h
(0.00, 18.44, 33.55)
(0.72, 17.53, 34.48)
(1.44, 16.63, 35.31)
(2.17, 15.72, 36.04)
(2.89, 14.82, 36.68)
(3.61, 13.91, 37.22)
(4.33, 13.01, 37.66)
(5.05, 12.10, 38.00)
(5.77, 11.20, 38.24)
(6.50, 10.29, 38.39)
(7.22, 9.38, 38.43)
(7.94, 8.48, 38.38)
(8.66, 7.57, 38.23)
(9.38, 6.67, 37.99)
(10.11, 5.76, 37.64)
(10.83, 4.86, 37.20)
(11.55, 3.95, 36.66)
(12.27, 3.05, 36.02)
(12.99, 2.14, 35.28)
(13.72, 1.24, 34.45)
(14.44, 0.33, 33.52)
(15.16, -0.58, 32.49)
(15.88, -1.48, 31.36)
(16.60, -2.39, 30.13)
(17.32, -3.29, 28.81)
(18.05, -4.20, 27.38)
(18.77, -5.10, 25.86)
(19.49, -6.01, 24.24)
(20.21, -6.91, 22.53)
(20.93, -7.82, 20.71)
(21.66, -8.73, 18.80)
(22.38, -9.63, 16.79)
(23.10, -10.54, 14.68)
(23.82, -11.44, 12.47)
(24.54, -12.35, 10.17)
(25.27, -13.25, 7.77)
(25.99, -14.16, 5.27)
(26.71, -15.06, 2.67)
(27.43, -15.97, -0.03)

147km/h
(0.00, 18.44, 33.55)
(0.72, 17.53, 34.48)
(1.44, 16.63, 35.31)
(2.16, 15.72, 36.04)
(2.88, 14.82, 36.68)
(3.60, 13.91, 37.21)
(4.32, 13.01, 37.65)
(5.04, 12.10, 37.99)
(5.77, 11.20, 38.24)
(6.49, 10.29, 38.38)
(7.21, 9.38, 38.43)
(7.93, 8.48, 38.38)
(8.65, 7.57, 38.23)
(9.37, 6.67, 37.98)
(10.09, 5.76, 37.63)
(10.81, 4.86, 37.19)
(11.53, 3.95, 36.65)
(12.25, 3.05, 36.01)
(12.97, 2.14, 35.27)
(13.69, 1.23, 34.44)
(14.41, 0.33, 33.50)
(15.13, -0.58, 32.47)
(15.85, -1.48, 31.34)
(16.58, -2.39, 30.12)
(17.30, -3.29, 28.79)
(18.02, -4.20, 27.37)
(18.74, -5.10, 25.85)
(19.46, -6.01, 24.23)
(20.18, -6.92, 22.51)
(20.90, -7.82, 20.70)
(21.62, -8.73, 18.78)
(22.34, -9.63, 16.77)
(23.06, -10.54, 14.66)
(23.78, -11.44, 12.45)
(24.50, -12.35, 10.15)
(25.22, -13.26, 7.75)
(25.94, -14.16, 5.24)
(26.66, -15.07, 2.65)
(27.38, -15.97, -0.05)

146km/h
(0.00, 18.44, 33.55)
(0.72, 17.53, 34.48)
(1.44, 16.63, 35.31)
(2.16, 15.72, 36.04)
(2.88, 14.82, 36.67)
(3.60, 13.91, 37.21)
(4.32, 13.01, 37.65)
(5.04, 12.10, 37.99)
(5.76, 11.19, 38.23)
(6.47, 10.29, 38.38)
(7.19, 9.38, 38.42)
(7.91, 8.48, 38.37)
(8.63, 7.57, 38.22)
(9.35, 6.67, 37.97)
(10.07, 5.76, 37.63)
(10.79, 4.86, 37.18)
(11.51, 3.95, 36.64)
(12.23, 3.04, 36.00)
(12.95, 2.14, 35.26)
(13.67, 1.23, 34.43)
(14.39, 0.33, 33.49)
(15.11, -0.58, 32.46)
(15.83, -1.48, 31.33)
(16.55, -2.39, 30.10)
(17.27, -3.30, 28.78)
(17.99, -4.20, 27.35)
(18.71, -5.11, 25.83)
(19.42, -6.01, 24.21)
(20.14, -6.92, 22.49)
(20.86, -7.82, 20.68)
(21.58, -8.73, 18.76)
(22.30, -9.63, 16.75)
(23.02, -10.54, 14.64)
(23.74, -11.45, 12.43)
(24.46, -12.35, 10.13)
(25.18, -13.26, 7.72)
(25.90, -14.16, 5.22)
(26.62, -15.07, 2.62)
(27.34, -15.97, -0.08)

145km/h
(0.00, 18.44, 33.55)
(0.72, 17.53, 34.48)
(1.44, 16.63, 35.31)
(2.15, 15.72, 36.04)
(2.87, 14.82, 36.67)
(3.59, 13.91, 37.21)
(4.31, 13.01, 37.65)
(5.03, 12.10, 37.98)
(5.75, 11.19, 38.23)
(6.46, 10.29, 38.37)
(7.18, 9.38, 38.42)
(7.90, 8.48, 38.36)
(8.62, 7.57, 38.21)
(9.34, 6.67, 37.96)
(10.06, 5.76, 37.62)
(10.77, 4.85, 37.17)
(11.49, 3.95, 36.63)
(12.21, 3.04, 35.99)
(12.93, 2.14, 35.25)
(13.65, 1.23, 34.41)
(14.36, 0.33, 33.48)
(15.08, -0.58, 32.45)
(15.80, -1.49, 31.32)
(16.52, -2.39, 30.09)
(17.24, -3.30, 28.76)
(17.96, -4.20, 27.34)
(18.67, -5.11, 25.82)
(19.39, -6.01, 24.19)
(20.11, -6.92, 22.48)
(20.83, -7.83, 20.66)
(21.55, -8.73, 18.75)
(22.26, -9.64, 16.73)
(22.98, -10.54, 14.62)
(23.70, -11.45, 12.41)
(24.42, -12.35, 10.11)
(25.14, -13.26, 7.70)
(25.86, -14.17, 5.20)
(26.57, -15.07, 2.60)
(27.29, -15.98, -0.10)

144km/h
(0.00, 18.44, 33.55)
(0.72, 17.53, 34.48)
(1.43, 16.63, 35.31)
(2.15, 15.72, 36.04)
(2.87, 14.82, 36.67)
(3.58, 13.91, 37.20)
(4.30, 13.01, 37.64)
(5.02, 12.10, 37.98)
(5.74, 11.19, 38.22)
(6.45, 10.29, 38.36)
(7.17, 9.38, 38.41)
(7.89, 8.48, 38.36)
(8.60, 7.57, 38.20)
(9.32, 6.67, 37.96)
(10.04, 5.76, 37.61)
(10.75, 4.85, 37.16)
(11.47, 3.95, 36.62)
(12.19, 3.04, 35.98)
(12.91, 2.14, 35.24)
(13.62, 1.23, 34.40)
(14.34, 0.32, 33.47)
(15.06, -0.58, 32.43)
(15.77, -1.49, 31.30)
(16.49, -2.39, 30.07)
(17.21, -3.30, 28.75)
(17.92, -4.20, 27.32)
(18.64, -5.11, 25.80)
(19.36, -6.02, 24.18)
(20.08, -6.92, 22.46)
(20.79, -7.83, 20.64)
(21.51, -8.73, 18.73)
(22.23, -9.64, 16.71)
(22.94, -10.54, 14.60)
(23.66, -11.45, 12.39)
(24.38, -12.36, 10.09)
(25.09, -13.26, 7.68)
(25.81, -14.17, 5.18)
(26.53, -15.07, 2.58)
(27.25, -15.98, -0.12)